{{CFrame.new(-5644.94482, 4312.82861, -3170.76538, 0.999999046, -2.9678851e-10, -0.00136757316, 3.36603245e-10, 1, 2.91131936e-08, 0.00136757316, -2.91136271e-08, 0.999999046), CFrame.new(-5644.94482, 4321.07568, -3160.24268, 1, 0, 0, 0, 0.841815591, 0.53976512, 0, -0.53976512, 0.841815591), Enum.HumanoidStateType.Running, Enum.MouseBehavior.Default},{CFrame.new(-5644.94482, 4312.82861, -3170.76538, 0.999999046, -5.51186097e-10, -0.00136757316, 6.25128616e-10, 1, 5.40680034e-08, 0.00136757316, -5.40688063e-08, 0.999999046), CFrame.new(-5644.94482, 4321.07568, -3160.24268, 1, 0, 0, 0, 0.841815591, 0.53976512, 0, -0.53976512, 0.841815591), Enum.HumanoidStateType.Running, Enum.MouseBehavior.Default},{CFrame.new(-5644.94482, 4312.82861, -3170.76538, 0.999999046, -9.74819669e-10, -0.00136757316, 1.10559328e-09, 1, 9.56238111e-08, 0.00136757316, -9.56252393e-08, 0.999999046), CFrame.new(-5644.94482, 4321.07568, -3160.24268, 1, 0, 0, 0, 0.841815591, 0.53976512, 0, -0.53976512, 0.841815591), Enum.HumanoidStateType.Running, Enum.MouseBehavior.Default},{CFrame.new(-5644.94482, 4312.82861, -3170.76538, 0.999999046, -1.22878252e-09, -0.00136757316, 1.39362566e-09, 1, 1.20535987e-07, 0.00136757316, -1.20537791e-07, 0.999999046), CFrame.new(-5644.94482, 4321.07568, -3160.24268, 1, 0, 0, 0, 0.841815591, 0.53976512, 0, -0.53976512, 0.841815591), Enum.HumanoidStateType.Running, Enum.MouseBehavior.Default},{CFrame.new(-5644.94482, 4312.82861, -3170.76538, 0.999999046, -8.28998148e-10, -0.00136757316, 9.40209577e-10, 1, 8.13195911e-08, 0.00136757316, -8.1320799e-08, 0.999999046), CFrame.new(-5644.94482, 4321.07568, -3160.24268, 1, 0, 0, 0, 0.841815591, 0.53976512, 0, -0.53976512, 0.841815591), Enum.HumanoidStateType.Running, Enum.MouseBehavior.Default},{CFrame.new(-5644.94482, 4312.82861, -3170.76538, 0.999999046, -4.29555586e-10, -0.00136757316, 4.87181073e-10, 1, 4.21366977e-08, 0.00136757316, -4.2137323e-08, 0.999999046), CFrame.new(-5644.94482, 4321.07568, -3160.24268, 1, 0, 0, 0, 0.841815591, 0.53976512, 0, -0.53976512, 0.841815591), Enum.HumanoidStateType.Running, Enum.MouseBehavior.Default},{CFrame.new(-5644.94482, 4312.82861, -3170.76538, 0.999999046, -3.04545208e-11, -0.00136757316, 3.45398814e-11, 1, 2.98728375e-09, 0.00136757316, -2.98732816e-09, 0.999999046), CFrame.new(-5644.94482, 4321.07568, -3160.24268, 1, 0, 0, 0, 0.841815591, 0.53976512, 0, -0.53976512, 0.841815591), Enum.HumanoidStateType.Running, Enum.MouseBehavior.Default},{CFrame.new(-5644.94482, 4312.82861, -3170.76538, 0.999999046, 3.68305469e-10, -0.00136757316, -4.17714474e-10, 1, -3.61286823e-08, 0.00136757316, 3.61292187e-08, 0.999999046), CFrame.new(-5644.94482, 4321.07568, -3160.24268, 1, 0, 0, 0, 0.841815591, 0.53976512, 0, -0.53976512, 0.841815591), Enum.HumanoidStateType.Running, Enum.MouseBehavior.Default},{CFrame.new(-5644.94482, 4312.82861, -3170.76538, 0.999999046, 7.66724573e-10, -0.00136757316, -8.6958224e-10, 1, -7.52112257e-08, 0.00136757316, 7.52123483e-08, 0.999999046), CFrame.new(-5644.94482, 4321.07568, -3160.24268, 1, 0, 0, 0, 0.841815591, 0.53976512, 0, -0.53976512, 0.841815591), Enum.HumanoidStateType.Running, Enum.MouseBehavior.Default},{CFrame.new(-5644.94482, 4312.82861, -3170.76538, 0.999999046, 1.16480325e-09, -0.00136757316, -1.32106392e-09, 1, -1.14260388e-07, 0.00136757316, 1.14262086e-07, 0.999999046), CFrame.new(-5644.94482, 4321.07568, -3160.24268, 1, 0, 0, 0, 0.841815591, 0.53976512, 0, -0.53976512, 0.841815591), Enum.HumanoidStateType.Running, Enum.MouseBehavior.Default},{CFrame.new(-5644.94482, 4312.82861, -3170.76538, 0.999999046, 8.30739699e-10, -0.00136757316, -9.42184997e-10, 1, -8.14906684e-08, 0.00136757316, 8.14918764e-08, 0.999999046), CFrame.new(-5644.94482, 4321.07568, -3160.24268, 1, 0, 0, 0, 0.841815591, 0.53976512, 0, -0.53976512, 0.841815591), Enum.HumanoidStateType.Running, Enum.MouseBehavior.Default},{CFrame.new(-5644.94482, 4312.82861, -3170.76538, 0.999999046, 4.96961639e-10, -0.00136757316, -5.63629921e-10, 1, -4.87489409e-08, 0.00136757316, 4.87496656e-08, 0.999999046), CFrame.new(-5644.94482, 4321.07568, -3160.24268, 1, 0, 0, 0, 0.841815591, 0.53976512, 0, -0.53976512, 0.841815591), Enum.HumanoidStateType.Running, Enum.MouseBehavior.Default},{CFrame.new(-5644.94482, 4312.82861, -3170.76538, 0.999999046, 1.6346885e-10, -0.00136757316, -1.85398322e-10, 1, -1.60351927e-08, 0.00136757316, 1.60354325e-08, 0.999999046), CFrame.new(-5644.94482, 4321.07568, -3160.24268, 1, 0, 0, 0, 0.841815591, 0.53976512, 0, -0.53976512, 0.841815591), Enum.HumanoidStateType.Running, Enum.MouseBehavior.Default},{CFrame.new(-5644.94482, 4312.82861, -3170.76538, 0.999999046, -1.69738945e-10, -0.00136757316, 1.92510036e-10, 1, 1.66506045e-08, 0.00136757316, -1.66508531e-08, 0.999999046), CFrame.new(-5644.94482, 4321.07568, -3160.24268, 1, 0, 0, 0, 0.841815591, 0.53976512, 0, -0.53976512, 0.841815591), Enum.HumanoidStateType.Running, Enum.MouseBehavior.Default},{CFrame.new(-5644.94482, 4312.82861, -3170.76538, 0.999999046, -5.02661968e-10, -0.00136757316, 5.70095415e-10, 1, 4.93084791e-08, 0.00136757316, -4.93092109e-08, 0.999999046), CFrame.new(-5644.94482, 4321.07568, -3160.24268, 1, 0, 0, 0, 0.841815591, 0.53976512, 0, -0.53976512, 0.841815591), Enum.HumanoidStateType.Running, Enum.MouseBehavior.Default},{CFrame.new(-5644.94482, 4312.82861, -3170.76538, 0.999999046, -8.3530044e-10, -0.00136757316, 9.47358192e-10, 1, 8.19384454e-08, 0.00136757316, -8.19396675e-08, 0.999999046), CFrame.new(-5644.94482, 4321.07568, -3160.24268, 1, 0, 0, 0, 0.841815591, 0.53976512, 0, -0.53976512, 0.841815591), Enum.HumanoidStateType.Running, Enum.MouseBehavior.Default},{CFrame.new(-5644.94482, 4312.82861, -3170.76538, 0.999999046, -1.16765464e-09, -0.00136757316, 1.32429845e-09, 1, 1.14540534e-07, 0.00136757316, -1.14542239e-07, 0.999999046), CFrame.new(-5644.94482, 4321.07568, -3160.24268, 1, 0, 0, 0, 0.841815591, 0.53976512, 0, -0.53976512, 0.841815591), Enum.HumanoidStateType.Running, Enum.MouseBehavior.Default},{CFrame.new(-5644.94482, 4312.82861, -3170.76538, 0.999999046, -9.40055367e-10, -0.00136757316, 1.06616604e-09, 1, 9.22142576e-08, 0.00136757316, -9.22156289e-08, 0.999999046), CFrame.new(-5644.94482, 4321.07568, -3160.24268, 1, 0, 0, 0, 0.841815591, 0.53976512, 0, -0.53976512, 0.841815591), Enum.HumanoidStateType.Running, Enum.MouseBehavior.Default},{CFrame.new(-5644.94482, 4312.82861, -3170.76538, 0.999999046, -5.26173938e-10, -0.00136757316, 5.96761363e-10, 1, 5.16147054e-08, 0.00136757316, -5.16154728e-08, 0.999999046), CFrame.new(-5644.94482, 4321.07568, -3160.24268, 1, 0, 0, 0, 0.841815591, 0.53976512, 0, -0.53976512, 0.841815591), Enum.HumanoidStateType.Running, Enum.MouseBehavior.Default},{CFrame.new(-5644.94482, 4312.82861, -3170.76538, 0.999999046, -1.12646337e-10, -0.00136757316, 1.27757915e-10, 1, 1.10498428e-08, 0.00136757316, -1.10500071e-08, 0.999999046), CFrame.new(-5644.94482, 4321.07568, -3160.24268, 1, 0, 0, 0, 0.841815591, 0.53976512, 0, -0.53976512, 0.841815591), Enum.HumanoidStateType.Running, Enum.MouseBehavior.Default},{CFrame.new(-5644.94482, 4312.82861, -3170.76538, 0.999999046, 3.00527714e-10, -0.00136757316, -3.40844603e-10, 1, -2.94803577e-08, 0.00136757316, 2.94807965e-08, 0.999999046), CFrame.new(-5644.94482, 4321.07568, -3160.24268, 1, 0, 0, 0, 0.841815591, 0.53976512, 0, -0.53976512, 0.841815591), Enum.HumanoidStateType.Running, Enum.MouseBehavior.Default},{CFrame.new(-5644.94482, 4312.82861, -3170.76538, 0.999999046, 7.13348491e-10, -0.00136757316, -8.09046496e-10, 1, -6.99759255e-08, 0.00136757316, 6.997697e-08, 0.999999046), CFrame.new(-5644.94482, 4321.07568, -3160.24268, 1, 0, 0, 0, 0.841815591, 0.53976512, 0, -0.53976512, 0.841815591), Enum.HumanoidStateType.Running, Enum.MouseBehavior.Default},{CFrame.new(-5644.94482, 4312.82861, -3170.76538, 0.999999046, 1.12581644e-09, -0.00136757316, -1.27684818e-09, 1, -1.10436901e-07, 0.00136757316, 1.10438542e-07, 0.999999046), CFrame.new(-5644.94482, 4321.07568, -3160.24268, 1, 0, 0, 0, 0.841815591, 0.53976512, 0, -0.53976512, 0.841815591), Enum.HumanoidStateType.Running, Enum.MouseBehavior.Default},{CFrame.new(-5644.94482, 4312.82861, -3170.76538, 0.999999046, 8.19083856e-10, -0.00136757316, -9.28966459e-10, 1, -8.03479594e-08, 0.00136757316, 8.03491531e-08, 0.999999046), CFrame.new(-5644.94482, 4321.07568, -3160.24268, 1, 0, 0, 0, 0.841815591, 0.53976512, 0, -0.53976512, 0.841815591), Enum.HumanoidStateType.Running, Enum.MouseBehavior.Default},{CFrame.new(-5644.94482, 4312.82861, -3170.76538, 0.999999046, 5.12613452e-10, -0.00136757316, -5.81382054e-10, 1, -5.02847293e-08, 0.00136757316, 5.02854789e-08, 0.999999046), CFrame.new(-5644.94482, 4321.07568, -3160.24268, 1, 0, 0, 0, 0.841815591, 0.53976512, 0, -0.53976512, 0.841815591), Enum.HumanoidStateType.Running, Enum.MouseBehavior.Default},{CFrame.new(-5644.94482, 4312.82861, -3170.76538, 0.999999046, 1.29893735e-10, -0.00136757316, -1.4731924e-10, 1, -1.27418218e-08, 0.00136757316, 1.2742011e-08, 0.999999046), CFrame.new(-5644.94482, 4321.07568, -3160.24268, 1, 0, 0, 0, 0.841815591, 0.53976512, 0, -0.53976512, 0.841815591), Enum.HumanoidStateType.Running, Enum.MouseBehavior.Default},{CFrame.new(-5644.94482, 4312.82861, -3170.84253, 0.999999166, -1.00144844e-10, -0.00128198089, 1.12663066e-10, 1, 9.76467796e-09, 0.00128198089, -9.76481473e-09, 0.999999166), CFrame.new(-5644.94482, 4321.07568, -3160.31982, 1, 0, 0, 0, 0.841815591, 0.53976512, 0, -0.53976512, 0.841815591), Enum.HumanoidStateType.Running, Enum.MouseBehavior.Default},{CFrame.new(-5644.94482, 4312.82861, -3171.08545, 0.999999404, -4.09439482e-10, -0.0011187857, 4.53912602e-10, 1, 3.97509829e-08, 0.0011187857, -3.97514661e-08, 0.999999404), CFrame.new(-5644.94482, 4321.07568, -3160.56274, 1, 0, 0, 0, 0.841815591, 0.53976512, 0, -0.53976512, 0.841815591), Enum.HumanoidStateType.Running, Enum.MouseBehavior.Default},{CFrame.new(-5644.94482, 4312.82861, -3171.35181, 0.999999523, -7.21971594e-10, -0.000963849016, 7.89163568e-10, 1, 6.97117599e-08, 0.000963849016, -6.97124918e-08, 0.999999523), CFrame.new(-5644.94482, 4321.07568, -3160.8291, 1, 0, 0, 0, 0.841815591, 0.53976512, 0, -0.53976512, 0.841815591), Enum.HumanoidStateType.Running, Enum.MouseBehavior.Default},{CFrame.new(-5644.94482, 4312.82861, -3171.61841, 0.999999642, -1.03739339e-09, -0.000828340766, 1.11993537e-09, 1, 9.96470035e-08, 0.000828340766, -9.96478988e-08, 0.999999642), CFrame.new(-5644.94482, 4321.07568, -3161.0957, 1, 0, 0, 0, 0.841815591, 0.53976512, 0, -0.53976512, 0.841815591), Enum.HumanoidStateType.Running, Enum.MouseBehavior.Default},{CFrame.new(-5644.94482, 4312.82861, -3171.88501, 0.999999762, -1.1668998e-09, -0.00071155082, 1.24631283e-09, 1, 1.11605161e-07, 0.00071155082, -1.1160602e-07, 0.999999762), CFrame.new(-5644.94482, 4321.07568, -3161.3623, 1, 0, 0, 0, 0.841815591, 0.53976512, 0, -0.53976512, 0.841815591), Enum.HumanoidStateType.Running, Enum.MouseBehavior.Default},{CFrame.new(-5644.94482, 4312.82861, -3172.15161, 0.999999821, -7.30357108e-10, -0.000611172582, 7.72969022e-10, 1, 6.97213594e-08, 0.000611172582, -6.97218141e-08, 0.999999821), CFrame.new(-5644.94482, 4321.07568, -3161.62891, 1, 0, 0, 0, 0.841815591, 0.53976512, 0, -0.53976512, 0.841815591), Enum.HumanoidStateType.Running, Enum.MouseBehavior.Default},{CFrame.new(-5644.94482, 4312.82861, -3172.41821, 0.999999881, -2.91359603e-10, -0.000524945615, 3.05991593e-10, 1, 2.78732628e-08, 0.000524945615, -2.78734191e-08, 0.999999881), CFrame.new(-5644.94482, 4321.07568, -3161.89551, 1, 0, 0, 0, 0.841815591, 0.53976512, 0, -0.53976512, 0.841815591), Enum.HumanoidStateType.Running, Enum.MouseBehavior.Default},{CFrame.new(-5644.94482, 4312.82861, -3172.68481, 0.999999881, 1.49689816e-10, -0.000450882479, -1.55974761e-10, 1, -1.39391449e-08, 0.000450882479, 1.39392142e-08, 0.999999881), CFrame.new(-5644.94482, 4321.07568, -3162.16211, 1, 0, 0, 0, 0.841815591, 0.53976512, 0, -0.53976512, 0.841815591), Enum.HumanoidStateType.Running, Enum.MouseBehavior.Default},{CFrame.new(-5644.94482, 4312.82861, -3172.95142, 0.99999994, 5.92445148e-10, -0.000387268432, -6.14022166e-10, 1, -5.57158657e-08, 0.000387268432, 5.57161002e-08, 0.99999994), CFrame.new(-5644.94482, 4321.07568, -3162.42871, 1, 0, 0, 0, 0.841815591, 0.53976512, 0, -0.53976512, 0.841815591), Enum.HumanoidStateType.Running, Enum.MouseBehavior.Default},{CFrame.new(-5644.94482, 4312.82861, -3173.21802, 0.99999994, 1.03660958e-09, -0.000332629483, -1.06902664e-09, 1, -9.74569261e-08, 0.000332629483, 9.74572743e-08, 0.99999994), CFrame.new(-5644.94482, 4321.07568, -3162.69531, 1, 0, 0, 0, 0.841815591, 0.53976512, 0, -0.53976512, 0.841815591), Enum.HumanoidStateType.Running, Enum.MouseBehavior.Default},{CFrame.new(-5644.94482, 4312.82861, -3173.48462, 0.99999994, 9.23803312e-10, -0.000285699498, -9.48602863e-10, 1, -8.6802757e-08, 0.000285699498, 8.6803027e-08, 0.99999994), CFrame.new(-5644.94482, 4321.07568, -3162.96191, 1, 0, 0, 0, 0.841815591, 0.53976512, 0, -0.53976512, 0.841815591), Enum.HumanoidStateType.Running, Enum.MouseBehavior.Default},{CFrame.new(-5644.94482, 4312.82861, -3173.75122, 0.99999994, 6.24542862e-10, -0.00024539078, -6.38950226e-10, 1, -5.87119615e-08, 0.00024539078, 5.87121178e-08, 0.99999994), CFrame.new(-5644.94482, 4321.07568, -3163.22852, 1, 0, 0, 0, 0.841815591, 0.53976512, 0, -0.53976512, 0.841815591), Enum.HumanoidStateType.Running, Enum.MouseBehavior.Default},{CFrame.new(-5644.94482, 4312.82861, -3174.01782, 1, 3.24776567e-10, -0.000210769096, -3.3123565e-10, 1, -3.06451504e-08, 0.000210769096, 3.06452179e-08, 1), CFrame.new(-5644.94482, 4321.07568, -3163.49512, 1, 0, 0, 0, 0.841815591, 0.53976512, 0, -0.53976512, 0.841815591), Enum.HumanoidStateType.Running, Enum.MouseBehavior.Default},{CFrame.new(-5644.94482, 4312.82861, -3174.28442, 1, 2.4612706e-11, -0.000181032097, -2.50838031e-11, 1, -2.60228594e-09, 0.000181032097, 2.60229038e-09, 1), CFrame.new(-5644.94482, 4321.07568, -3163.76172, 1, 0, 0, 0, 0.841815591, 0.53976512, 0, -0.53976512, 0.841815591), Enum.HumanoidStateType.Running, Enum.MouseBehavior.Default},{CFrame.new(-5644.94482, 4312.82861, -3174.55103, 1, -2.75855644e-10, -0.000155490634, 2.79807705e-10, 1, 2.54166341e-08, 0.000155490634, -2.54166785e-08, 1), CFrame.new(-5644.94482, 4321.07568, -3164.02832, 1, 0, 0, 0, 0.841815591, 0.53976512, 0, -0.53976512, 0.841815591), Enum.HumanoidStateType.Running, Enum.MouseBehavior.Default},{CFrame.new(-5644.94482, 4312.82861, -3174.81763, 1, -5.76548587e-10, -0.000133552763, 5.83681881e-10, 1, 5.34116218e-08, 0.000133552763, -5.34117e-08, 1), CFrame.new(-5644.94482, 4321.07568, -3164.29492, 1, 0, 0, 0, 0.841815591, 0.53976512, 0, -0.53976512, 0.841815591), Enum.HumanoidStateType.Running, Enum.MouseBehavior.Default},{CFrame.new(-5644.94482, 4312.82861, -3175.08423, 1, -8.77397766e-10, -0.000114710077, 8.86733187e-10, 1, 8.13826944e-08, 0.000114710077, -8.13827938e-08, 1), CFrame.new(-5644.94482, 4321.07568, -3164.56152, 1, 0, 0, 0, 0.841815591, 0.53976512, 0, -0.53976512, 0.841815591), Enum.HumanoidStateType.Running, Enum.MouseBehavior.Default},{CFrame.new(-5644.94482, 4312.82861, -3175.35083, 1, -1.17834442e-09, -9.85258666e-05, 1.18911625e-09, 1, 1.09329875e-07, 9.85258666e-05, -1.09329989e-07, 1), CFrame.new(-5644.94482, 4321.07568, -3164.82812, 1, 0, 0, 0, 0.841815591, 0.53976512, 0, -0.53976512, 0.841815591), Enum.HumanoidStateType.Running, Enum.MouseBehavior.Default},{CFrame.new(-5644.94482, 4312.82861, -3175.61743, 1, -1.09359566e-09, -8.4625055e-05, 1.10218268e-09, 1, 1.01471599e-07, 8.4625055e-05, -1.01471691e-07, 1), CFrame.new(-5644.94482, 4321.07568, -3165.09473, 1, 0, 0, 0, 0.841815591, 0.53976512, 0, -0.53976512, 0.841815591), Enum.HumanoidStateType.Running, Enum.MouseBehavior.Default},{CFrame.new(-5644.94482, 4312.82861, -3175.88403, 1, -6.23113172e-10, -7.26854705e-05, 6.27318308e-10, 1, 5.7853768e-08, 7.26854705e-05, -5.78538142e-08, 1), CFrame.new(-5644.94482, 4321.07568, -3165.36133, 1, 0, 0, 0, 0.841815591, 0.53976512, 0, -0.53976512, 0.841815591), Enum.HumanoidStateType.Running, Enum.MouseBehavior.Default},{CFrame.new(-5644.94482, 4312.82861, -3176.15063, 1, -1.5268245e-10, -6.24304303e-05, 1.53573529e-10, 1, 1.42732119e-08, 6.24304303e-05, -1.42732208e-08, 1), CFrame.new(-5644.94482, 4321.07568, -3165.62793, 1, 0, 0, 0, 0.841815591, 0.53976512, 0, -0.53976512, 0.841815591), Enum.HumanoidStateType.Running, Enum.MouseBehavior.Default},{CFrame.new(-5644.94482, 4312.82861, -3176.41724, 1, 3.17646937e-10, -5.36222469e-05, -3.19216459e-10, 1, -2.92701046e-08, 5.36222469e-05, 2.92701223e-08, 1), CFrame.new(-5644.94482, 4321.07568, -3165.89453, 1, 0, 0, 0, 0.841815591, 0.53976512, 0, -0.53976512, 0.841815591), Enum.HumanoidStateType.Running, Enum.MouseBehavior.Default},{CFrame.new(-5644.94482, 4312.82861, -3176.75049, 1, 9.05352404e-10, -4.42474375e-05, -9.09053555e-10, 1, -8.36469241e-08, 4.42474375e-05, 8.36469667e-08, 1), CFrame.new(-5644.94482, 4321.07568, -3166.22778, 1, 0, 0, 0, 0.841815591, 0.53976512, 0, -0.53976512, 0.841815591), Enum.HumanoidStateType.Running, Enum.MouseBehavior.Default},{CFrame.new(-5644.94482, 4312.82861, -3176.95044, 1, 1.25784094e-09, -3.94490635e-05, -1.26242672e-09, 1, -1.16245126e-07, 3.94490635e-05, 1.16245175e-07, 1), CFrame.new(-5644.94482, 4321.07568, -3166.42773, 1, 0, 0, 0, 0.841815591, 0.53976512, 0, -0.53976512, 0.841815591), Enum.HumanoidStateType.Running, Enum.MouseBehavior.Default},{CFrame.new(-5644.94482, 4312.82861, -3177.21704, 1, 9.20477083e-10, -3.39119069e-05, -9.23362498e-10, 1, -8.50865334e-08, 3.39119069e-05, 8.50865618e-08, 1), CFrame.new(-5644.94482, 4321.07568, -3166.69434, 1, 0, 0, 0, 0.841815591, 0.53976512, 0, -0.53976512, 0.841815591), Enum.HumanoidStateType.Running, Enum.MouseBehavior.Default},{CFrame.new(-5644.94482, 4312.82861, -3177.55029, 1, 4.99015662e-10, -2.79880423e-05, -5.00308073e-10, 1, -4.61757317e-08, 2.79880423e-05, 4.61757459e-08, 1), CFrame.new(-5644.94482, 4321.07568, -3167.02759, 1, 0, 0, 0, 0.841815591, 0.53976512, 0, -0.53976512, 0.841815591), Enum.HumanoidStateType.Running, Enum.MouseBehavior.Default},{CFrame.new(-5644.94482, 4312.82861, -3177.75024, 1, 2.46279552e-10, -2.49534205e-05, -2.46849707e-10, 1, -2.28492034e-08, 2.49534205e-05, 2.28492105e-08, 1), CFrame.new(-5644.94482, 4321.07568, -3167.22754, 1, 0, 0, 0, 0.841815591, 0.53976512, 0, -0.53976512, 0.841815591), Enum.HumanoidStateType.Running, Enum.MouseBehavior.Default},{CFrame.new(-5644.94482, 4312.82861, -3178.01685, 1, -9.05236996e-11, -2.14510419e-05, 9.0700239e-11, 1, 8.22957613e-09, 2.14510419e-05, -8.22957791e-09, 1), CFrame.new(-5644.94482, 4321.07568, -3167.49414, 1, 0, 0, 0, 0.841815591, 0.53976512, 0, -0.53976512, 0.841815591), Enum.HumanoidStateType.Running, Enum.MouseBehavior.Default},{CFrame.new(-5644.94482, 4312.82861, -3178.28345, 1, -4.27112623e-10, -1.84275632e-05, 4.27836488e-10, 1, 3.92817938e-08, 1.84275632e-05, -3.92818009e-08, 1), CFrame.new(-5644.94482, 4321.07568, -3167.76074, 1, 0, 0, 0, 0.841815591, 0.53976512, 0, -0.53976512, 0.841815591), Enum.HumanoidStateType.Running, Enum.MouseBehavior.Default},{CFrame.new(-5644.94482, 4312.82861, -3178.55005, 1, -7.63477115e-10, -1.58281509e-05, 7.64589947e-10, 1, 7.03074718e-08, 1.58281509e-05, -7.03074861e-08, 1), CFrame.new(-5644.94482, 4321.07568, -3168.02734, 1, 0, 0, 0, 0.841815591, 0.53976512, 0, -0.53976512, 0.841815591), Enum.HumanoidStateType.Running, Enum.MouseBehavior.Default},{CFrame.new(-5644.94482, 4312.82861, -3178.81665, 1, -1.09960852e-09, -1.35950704e-05, 1.10098575e-09, 1, 1.0130664e-07, 1.35950704e-05, -1.01306654e-07, 1), CFrame.new(-5644.94482, 4321.07568, -3168.29395, 1, 0, 0, 0, 0.841815591, 0.53976512, 0, -0.53976512, 0.841815591), Enum.HumanoidStateType.Running, Enum.MouseBehavior.Default},{CFrame.new(-5644.94482, 4312.82861, -3179.08325, 1, -1.05744957e-09, -1.16769834e-05, 1.05858744e-09, 1, 9.74417134e-08, 1.16769834e-05, -9.74417276e-08, 1), CFrame.new(-5644.94482, 4321.07568, -3168.56055, 1, 0, 0, 0, 0.841815591, 0.53976512, 0, -0.53976512, 0.841815591), Enum.HumanoidStateType.Running, Enum.MouseBehavior.Default},{CFrame.new(-5644.94482, 4312.82861, -3179.34985, 1, -6.37412789e-10, -1.00295038e-05, 6.38002096e-10, 1, 5.87574007e-08, 1.00295038e-05, -5.87574078e-08, 1), CFrame.new(-5644.94482, 4321.07568, -3168.82715, 1, 0, 0, 0, 0.841815591, 0.53976512, 0, -0.53976512, 0.841815591), Enum.HumanoidStateType.Running, Enum.MouseBehavior.Default},{CFrame.new(-5644.94482, 4312.82861, -3179.61646, 1, -2.17692087e-10, -8.61446188e-06, 2.17865281e-10, 1, 2.0106155e-08, 8.61446188e-06, -2.01061567e-08, 1), CFrame.new(-5644.94482, 4321.07568, -3169.09375, 1, 0, 0, 0, 0.841815591, 0.53976512, 0, -0.53976512, 0.841815591), Enum.HumanoidStateType.Running, Enum.MouseBehavior.Default},{CFrame.new(-5644.94482, 4312.82861, -3179.88306, 1, 2.01706804e-10, -7.399065e-06, -2.01843778e-10, 1, -1.85120577e-08, 7.399065e-06, 1.85120594e-08, 1), CFrame.new(-5644.94482, 4321.07568, -3169.36035, 1, 0, 0, 0, 0.841815591, 0.53976512, 0, -0.53976512, 0.841815591), Enum.HumanoidStateType.Running, Enum.MouseBehavior.Default},{CFrame.new(-5644.94482, 4312.82861, -3180.14966, 1, 6.20778928e-10, -6.35514607e-06, -6.21141749e-10, 1, -5.70972638e-08, 6.35514607e-06, 5.70972674e-08, 1), CFrame.new(-5644.94482, 4321.07568, -3169.62695, 1, 0, 0, 0, 0.841815591, 0.53976512, 0, -0.53976512, 0.841815591), Enum.HumanoidStateType.Running, Enum.MouseBehavior.Default},{CFrame.new(-5644.94482, 4312.82861, -3180.41626, 1, 1.03952003e-09, -5.45851117e-06, -1.04004216e-09, 1, -9.56494901e-08, 5.45851117e-06, 9.56494972e-08, 1), CFrame.new(-5644.94482, 4321.07568, -3169.89355, 1, 0, 0, 0, 0.841815591, 0.53976512, 0, -0.53976512, 0.841815591), Enum.HumanoidStateType.Running, Enum.MouseBehavior.Default},{CFrame.new(-5644.94482, 4312.82861, -3180.68286, 1, 1.06726672e-09, -4.68838061e-06, -1.06772713e-09, 1, -9.82166029e-08, 4.68838061e-06, 9.821661e-08, 1), CFrame.new(-5644.94482, 4321.07568, -3170.16016, 1, 0, 0, 0, 0.841815591, 0.53976512, 0, -0.53976512, 0.841815591), Enum.HumanoidStateType.Running, Enum.MouseBehavior.Default},{CFrame.new(-5644.94482, 4312.82861, -3180.94946, 1, 7.044893e-10, -4.02690694e-06, -7.04750425e-10, 1, -6.48447198e-08, 4.02690694e-06, 6.48447269e-08, 1), CFrame.new(-5644.94482, 4321.07568, -3170.42676, 1, 0, 0, 0, 0.841815591, 0.53976512, 0, -0.53976512, 0.841815591), Enum.HumanoidStateType.Running, Enum.MouseBehavior.Default},{CFrame.new(-5644.94482, 4312.82861, -3181.21606, 1, 3.42007117e-10, -3.45875878e-06, -3.42116058e-10, 1, -3.15013651e-08, 3.45875878e-06, 3.15013651e-08, 1), CFrame.new(-5644.94482, 4321.07568, -3170.69336, 1, 0, 0, 0, 0.841815591, 0.53976512, 0, -0.53976512, 0.841815591), Enum.HumanoidStateType.Running, Enum.MouseBehavior.Default},{CFrame.new(-5644.94482, 4312.82861, -3181.48267, 1, -2.01781161e-11, -2.97076963e-06, 2.01835024e-11, 1, 1.81349835e-09, 2.97076963e-06, -1.81349846e-09, 1), CFrame.new(-5644.94482, 4321.07568, -3170.95996, 1, 0, 0, 0, 0.841815591, 0.53976512, 0, -0.53976512, 0.841815591), Enum.HumanoidStateType.Running, Enum.MouseBehavior.Default},{CFrame.new(-5644.94482, 4312.82861, -3181.74927, 1, -3.82064796e-10, -2.5516299e-06, 3.82154364e-10, 1, 3.50998874e-08, 2.5516299e-06, -3.50998874e-08, 1), CFrame.new(-5644.94482, 4321.07568, -3171.22656, 1, 0, 0, 0, 0.841815591, 0.53976512, 0, -0.53976512, 0.841815591), Enum.HumanoidStateType.Running, Enum.MouseBehavior.Default},{CFrame.new(-5644.94482, 4312.82861, -3182.08252, 1, -8.34001423e-10, -2.10552707e-06, 8.3416285e-10, 1, 7.66678667e-08, 2.10552707e-06, -7.66678738e-08, 1), CFrame.new(-5644.94482, 4321.07568, -3171.55981, 1, 0, 0, 0, 0.841815591, 0.53976512, 0, -0.53976512, 0.841815591), Enum.HumanoidStateType.Running, Enum.MouseBehavior.Default},{CFrame.new(-5644.94482, 4312.82861, -3182.28247, 1, -1.10493781e-09, -1.87719513e-06, 1.10512843e-09, 1, 1.01587347e-07, 1.87719513e-06, -1.01587347e-07, 1), CFrame.new(-5644.94482, 4321.07568, -3171.75977, 1, 0, 0, 0, 0.841815591, 0.53976512, 0, -0.53976512, 0.841815591), Enum.HumanoidStateType.Running, Enum.MouseBehavior.Default},{CFrame.new(-5644.94482, 4312.82861, -3182.54907, 1, -1.07830855e-09, -1.61370815e-06, 1.07846854e-09, 1, 9.91475417e-08, 1.61370815e-06, -9.91475488e-08, 1), CFrame.new(-5644.94482, 4321.07568, -3172.02637, 1, 0, 0, 0, 0.841815591, 0.53976512, 0, -0.53976512, 0.841815591), Enum.HumanoidStateType.Running, Enum.MouseBehavior.Default},{CFrame.new(-5644.94482, 4312.82861, -3182.81567, 1, -6.64250988e-10, -1.38625762e-06, 6.64335642e-10, 1, 6.1084144e-08, 1.38625762e-06, -6.1084144e-08, 1), CFrame.new(-5644.94482, 4321.07568, -3172.29297, 1, 0, 0, 0, 0.841815591, 0.53976512, 0, -0.53976512, 0.841815591), Enum.HumanoidStateType.Running, Enum.MouseBehavior.Default},{CFrame.new(-5644.94482, 4312.82861, -3183.08228, 1, -2.50541338e-10, -1.19071024e-06, 2.50568788e-10, 1, 2.3053282e-08, 1.19071024e-06, -2.3053282e-08, 1), CFrame.new(-5644.94482, 4321.07568, -3172.55957, 1, 0, 0, 0, 0.841815591, 0.53976512, 0, -0.53976512, 0.841815591), Enum.HumanoidStateType.Running, Enum.MouseBehavior.Default},{CFrame.new(-5644.94482, 4312.82861, -3183.34888, 1, 1.62819758e-10, -1.02272145e-06, -1.62835051e-10, 1, -1.49450781e-08, 1.02272145e-06, 1.49450781e-08, 1), CFrame.new(-5644.94482, 4321.07568, -3172.82617, 1, 0, 0, 0, 0.841815591, 0.53976512, 0, -0.53976512, 0.841815591), Enum.HumanoidStateType.Running, Enum.MouseBehavior.Default},{CFrame.new(-5644.94482, 4312.82861, -3183.61548, 1, 5.75831938e-10, -8.7842875e-07, -5.75878401e-10, 1, -5.29109592e-08, 8.7842875e-07, 5.29109592e-08, 1), CFrame.new(-5644.94482, 4321.07568, -3173.09277, 1, 0, 0, 0, 0.841815591, 0.53976512, 0, -0.53976512, 0.841815591), Enum.HumanoidStateType.Running, Enum.MouseBehavior.Default},{CFrame.new(-5644.94482, 4312.82861, -3183.88208, 1, 9.88494842e-10, -7.54493158e-07, -9.88563453e-10, 1, -9.0844388e-08, 7.54493158e-07, 9.0844388e-08, 1), CFrame.new(-5644.94482, 4321.07568, -3173.35938, 1, 0, 0, 0, 0.841815591, 0.53976512, 0, -0.53976512, 0.841815591), Enum.HumanoidStateType.Running, Enum.MouseBehavior.Default},{CFrame.new(-5644.94482, 4312.82861, -3184.14868, 1, 1.2001492e-09, -6.48043226e-07, -1.2002207e-09, 1, -1.10302786e-07, 6.48043226e-07, 1.10302793e-07, 1), CFrame.new(-5644.94482, 4321.07568, -3173.62598, 1, 0, 0, 0, 0.841815591, 0.53976512, 0, -0.53976512, 0.841815591), Enum.HumanoidStateType.Running, Enum.MouseBehavior.Default},{CFrame.new(-5644.94482, 4312.82861, -3184.41528, 1, 8.09901757e-10, -5.56612179e-07, -8.09943224e-10, 1, -7.44403934e-08, 5.56612179e-07, 7.44403934e-08, 1), CFrame.new(-5644.94482, 4321.07568, -3173.89258, 1, 0, 0, 0, 0.841815591, 0.53976512, 0, -0.53976512, 0.841815591), Enum.HumanoidStateType.Running, Enum.MouseBehavior.Default},{CFrame.new(-5644.94482, 4312.82861, -3184.68188, 1, 4.19985546e-10, -4.78080892e-07, -4.20004004e-10, 1, -3.86086469e-08, 4.78080892e-07, 3.86086505e-08, 1), CFrame.new(-5644.94482, 4321.07568, -3174.15918, 1, 0, 0, 0, 0.841815591, 0.53976512, 0, -0.53976512, 0.841815591), Enum.HumanoidStateType.Running, Enum.MouseBehavior.Default},{CFrame.new(-5644.94482, 4312.82861, -3184.94849, 1, 3.04006473e-11, -4.1062944e-07, -3.04017991e-11, 1, -2.80752799e-09, 4.1062944e-07, 2.80752799e-09, 1), CFrame.new(-5644.94482, 4321.07568, -3174.42578, 1, 0, 0, 0, 0.841815591, 0.53976512, 0, -0.53976512, 0.841815591), Enum.HumanoidStateType.Running, Enum.MouseBehavior.Default},{CFrame.new(-5644.94482, 4312.82861, -3185.21509, 1, -3.58853058e-10, -3.5269457e-07, 3.5886466e-10, 1, 3.29629941e-08, 3.5269457e-07, -3.29629941e-08, 1), CFrame.new(-5644.94482, 4321.07568, -3174.69238, 1, 0, 0, 0, 0.841815591, 0.53976512, 0, -0.53976512, 0.841815591), Enum.HumanoidStateType.Running, Enum.MouseBehavior.Default},{CFrame.new(-5644.94482, 4312.82861, -3185.48169, 1, -7.47775508e-10, -3.02933643e-07, 7.47796325e-10, 1, 6.87029384e-08, 3.02933643e-07, -6.87029384e-08, 1), CFrame.new(-5644.94482, 4321.07568, -3174.95898, 1, 0, 0, 0, 0.841815591, 0.53976512, 0, -0.53976512, 0.841815591), Enum.HumanoidStateType.Running, Enum.MouseBehavior.Default},{CFrame.new(-5644.94482, 4312.82861, -3185.74829, 1, -1.13636689e-09, -2.6019336e-07, 1.13639409e-09, 1, 1.04412344e-07, 2.6019336e-07, -1.04412344e-07, 1), CFrame.new(-5644.94482, 4321.07568, -3175.22559, 1, 0, 0, 0, 0.841815591, 0.53976512, 0, -0.53976512, 0.841815591), Enum.HumanoidStateType.Running, Enum.MouseBehavior.Default},{CFrame.new(-5644.94482, 4312.82861, -3186.01489, 1, -9.5367847e-10, -2.23483212e-07, 9.53698009e-10, 1, 8.76291963e-08, 2.23483212e-07, -8.76291963e-08, 1), CFrame.new(-5644.94482, 4321.07568, -3175.49219, 1, 0, 0, 0, 0.841815591, 0.53976512, 0, -0.53976512, 0.841815591), Enum.HumanoidStateType.Running, Enum.MouseBehavior.Default},{CFrame.new(-5644.94482, 4312.82861, -3186.28149, 1, -5.80910653e-10, -1.91952424e-07, 5.80920922e-10, 1, 5.33805107e-08, 1.91952424e-07, -5.33805107e-08, 1), CFrame.new(-5644.94482, 4321.07568, -3175.75879, 1, 0, 0, 0, 0.841815591, 0.53976512, 0, -0.53976512, 0.841815591), Enum.HumanoidStateType.Running, Enum.MouseBehavior.Default},{CFrame.new(-5644.94482, 4312.82861, -3186.5481, 1, -2.08460652e-10, -1.64870244e-07, 2.08463802e-10, 1, 1.91611029e-08, 1.64870244e-07, -1.91611029e-08, 1), CFrame.new(-5644.94482, 4321.07568, -3176.02539, 1, 0, 0, 0, 0.841815591, 0.53976512, 0, -0.53976512, 0.841815591), Enum.HumanoidStateType.Running, Enum.MouseBehavior.Default},{CFrame.new(-5644.94482, 4312.82861, -3186.8147, 1, 1.63671784e-10, -1.41609036e-07, -1.63673908e-10, 1, -1.50290589e-08, 1.41609036e-07, 1.50290589e-08, 1), CFrame.new(-5644.94482, 4321.07568, -3176.29199, 1, 0, 0, 0, 0.841815591, 0.53976512, 0, -0.53976512, 0.841815591), Enum.HumanoidStateType.Running, Enum.MouseBehavior.Default},{CFrame.new(-5644.94482, 4312.82861, -3187.0813, 1, 5.35486766e-10, -1.21629711e-07, -5.35492761e-10, 1, -4.91899961e-08, 1.21629711e-07, 4.91899961e-08, 1), CFrame.new(-5644.94482, 4321.07568, -3176.55859, 1, 0, 0, 0, 0.841815591, 0.53976512, 0, -0.53976512, 0.841815591), Enum.HumanoidStateType.Running, Enum.MouseBehavior.Default},{CFrame.new(-5644.94482, 4312.82861, -3187.3479, 1, 9.06984488e-10, -1.04469216e-07, -9.06993203e-10, 1, -8.33217442e-08, 1.04469216e-07, 8.33217442e-08, 1), CFrame.new(-5644.94482, 4321.07568, -3176.8252, 1, 0, 0, 0, 0.841815591, 0.53976512, 0, -0.53976512, 0.841815591), Enum.HumanoidStateType.Running, Enum.MouseBehavior.Default},{CFrame.new(-5644.94482, 4312.82861, -3187.6145, 1, 1.27816524e-09, -8.97298662e-08, -1.27817579e-09, 1, -1.17424314e-07, 8.97298662e-08, 1.17424314e-07, 1), CFrame.new(-5644.94482, 4321.07568, -3177.0918, 1, 0, 0, 0, 0.841815591, 0.53976512, 0, -0.53976512, 0.841815591), Enum.HumanoidStateType.Running, Enum.MouseBehavior.Default},{CFrame.new(-5644.94482, 4312.82861, -3187.8811, 1, 8.73337958e-10, -7.70700623e-08, -8.73344175e-10, 1, -8.02344715e-08, 7.70700623e-08, 8.02344715e-08, 1), CFrame.new(-5644.94482, 4321.07568, -3177.3584, 1, 0, 0, 0, 0.841815591, 0.53976512, 0, -0.53976512, 0.841815591), Enum.HumanoidStateType.Running, Enum.MouseBehavior.Default},{CFrame.new(-5644.94482, 4312.82861, -3188.21436, 1, 3.67789826e-10, -6.35958628e-08, -3.67791964e-10, 1, -3.37918742e-08, 6.35958628e-08, 3.37918742e-08, 1), CFrame.new(-5644.94482, 4321.07568, -3177.69165, 1, 0, 0, 0, 0.841815591, 0.53976512, 0, -0.53976512, 0.841815591), Enum.HumanoidStateType.Running, Enum.MouseBehavior.Default},{CFrame.new(-5644.94482, 4312.87256, -3188.41431, 1, 6.47199447e-11, -5.66992711e-08, -6.47202777e-11, 1, -5.9501315e-09, 5.66992711e-08, 5.9501315e-09, 1), CFrame.new(-5644.94482, 4321.11963, -3177.8916, 1, 0, 0, 0, 0.841815591, 0.53976512, 0, -0.53976512, 0.841815591), Enum.HumanoidStateType.Running, Enum.MouseBehavior.Default},{CFrame.new(-5644.94482, 4312.99805, -3188.68091, 1, -3.39071271e-10, -4.87408371e-08, 3.39072798e-10, 1, 3.1144431e-08, 4.87408371e-08, -3.1144431e-08, 1), CFrame.new(-5644.94482, 4321.24512, -3178.1582, 1, 0, 0, 0, 0.841815591, 0.53976512, 0, -0.53976512, 0.841815591), Enum.HumanoidStateType.Running, Enum.MouseBehavior.Default},{CFrame.new(-5644.94482, 4313.11572, -3189.01416, 1, -8.43325354e-10, -4.02265954e-08, 8.43328518e-10, 1, 7.74680515e-08, 4.02265954e-08, -7.74680515e-08, 1), CFrame.new(-5644.94482, 4321.36279, -3178.49146, 1, 0, 0, 0, 0.841815591, 0.53976512, 0, -0.53976512, 0.841815591), Enum.HumanoidStateType.Running, Enum.MouseBehavior.LockCurrentPosition},{CFrame.new(-5644.94482, 4313.24414, -3189.21411, 1, -1.14561938e-09, -3.58650034e-08, 1.14562315e-09, 1, 1.0523847e-07, 3.58650034e-08, -1.0523847e-07, 1), CFrame.new(-5644.94482, 4321.49121, -3178.69141, 1, 0, 0, 0, 0.841815591, 0.53976512, 0, -0.53976512, 0.841815591), Enum.HumanoidStateType.Running, Enum.MouseBehavior.LockCurrentPosition},{CFrame.new(-5644.94482, 4313.46582, -3189.48071, 1, -9.68203406e-10, -3.08311137e-08, 9.68206182e-10, 1, 8.89417038e-08, 3.08311137e-08, -8.89417038e-08, 1), CFrame.new(-5644.94482, 4321.71289, -3178.95801, 1, 0, 0, 0, 0.841815591, 0.53976512, 0, -0.53976512, 0.841815591), Enum.HumanoidStateType.Running, Enum.MouseBehavior.LockCurrentPosition},{CFrame.new(-5644.94482, 4313.68604, -3189.74731, 1, -5.97630556e-10, -2.6485532e-08, 5.97631999e-10, 1, 5.49010224e-08, 2.6485532e-08, -5.49010224e-08, 1), CFrame.new(-5644.94482, 4321.93311, -3179.22461, 1, 0, 0, 0, 0.841815591, 0.53976512, 0, -0.53976512, 0.841815591), Enum.HumanoidStateType.Running, Enum.MouseBehavior.LockCurrentPosition},{CFrame.new(-5644.94482, 4313.95898, -3190.01392, 1, -2.27374133e-10, -2.27494521e-08, 2.27374605e-10, 1, 2.08894395e-08, 2.27494521e-08, -2.08894395e-08, 1), CFrame.new(-5644.94482, 4322.20605, -3179.49121, 1, 0, 0, 0, 0.841815591, 0.53976512, 0, -0.53976512, 0.841815591), Enum.HumanoidStateType.Running, Enum.MouseBehavior.LockCurrentPosition},{CFrame.new(-5644.94482, 4314.16309, -3190.28052, 1, 1.42566042e-10, -1.95398968e-08, -1.42566306e-10, 1, -1.3093076e-08, 1.95398968e-08, 1.3093076e-08, 1), CFrame.new(-5644.94482, 4322.41016, -3179.75781, 1, 0, 0, 0, 0.841815591, 0.53976512, 0, -0.53976512, 0.841815591), Enum.HumanoidStateType.Running, Enum.MouseBehavior.LockCurrentPosition},{CFrame.new(-5644.94482, 4314.38135, -3190.61377, 1, 6.04546913e-10, -1.61237441e-08, -6.04547801e-10, 1, -5.55303821e-08, 1.61237441e-08, 5.55303821e-08, 1), CFrame.new(-5644.94482, 4322.62842, -3180.09106, 1, 0, 0, 0, 0.841815591, 0.53976512, 0, -0.53976512, 0.841815591), Enum.HumanoidStateType.Running, Enum.MouseBehavior.LockCurrentPosition},{CFrame.new(-5644.94482, 4314.5127, -3190.81372, 1, 8.81498652e-10, -1.43752201e-08, -8.81499818e-10, 1, -8.09710059e-08, 1.43752201e-08, 8.09710059e-08, 1), CFrame.new(-5644.94482, 4322.75977, -3180.29102, 1, 0, 0, 0, 0.841815591, 0.53976512, 0, -0.53976512, 0.841815591), Enum.HumanoidStateType.Running, Enum.MouseBehavior.LockCurrentPosition},{CFrame.new(-5644.94482, 4314.64941, -3191.08032, 1, 1.2504916e-09, -1.23574839e-08, -1.25049304e-09, 1, -1.14866467e-07, 1.23574839e-08, 1.14866467e-07, 1), CFrame.new(-5644.94482, 4322.89648, -3180.55762, 1, 0, 0, 0, 0.841815591, 0.53976512, 0, -0.53976512, 0.841815591), Enum.HumanoidStateType.Running, Enum.MouseBehavior.LockCurrentPosition},{CFrame.new(-5644.94482, 4314.73047, -3191.34692, 1, 8.57837634e-10, -1.06157101e-08, -8.57838467e-10, 1, -7.87989265e-08, 1.06157101e-08, 7.87989265e-08, 1), CFrame.new(-5644.94482, 4322.97754, -3180.82422, 1, 0, 0, 0, 0.841815591, 0.53976512, 0, -0.53976512, 0.841815591), Enum.HumanoidStateType.Running, Enum.MouseBehavior.LockCurrentPosition},{CFrame.new(-5644.94482, 4314.77588, -3191.61353, 1, 4.65519095e-10, -9.11824394e-09, -4.65519484e-10, 1, -4.27622169e-08, 9.11824394e-09, 4.27622169e-08, 1), CFrame.new(-5644.94482, 4323.02295, -3181.09082, 1, 0, 0, 0, 0.841815591, 0.53976512, 0, -0.53976512, 0.841815591), Enum.HumanoidStateType.Running, Enum.MouseBehavior.LockCurrentPosition},{CFrame.new(-5644.94482, 4314.80078, -3191.88013, 1, 7.35357192e-11, -7.83181608e-09, -7.35357747e-11, 1, -6.75630663e-09, 7.83181608e-09, 6.75630663e-09, 1), CFrame.new(-5644.94482, 4323.04785, -3181.35742, 1, 0, 0, 0, 0.841815591, 0.53976512, 0, -0.53976512, 0.841815591), Enum.HumanoidStateType.Running, Enum.MouseBehavior.LockCurrentPosition},{CFrame.new(-5644.94482, 4314.81348, -3192.14673, 1, -3.18112758e-10, -6.72684886e-09, 3.1811298e-10, 1, 2.921883e-08, 6.72684886e-09, -2.921883e-08, 1), CFrame.new(-5644.94482, 4323.06055, -3181.62402, 1, 0, 0, 0, 0.841815591, 0.53976512, 0, -0.53976512, 0.841815591), Enum.HumanoidStateType.Running, Enum.MouseBehavior.LockCurrentPosition},{CFrame.new(-5644.94482, 4314.88184, -3192.41333, 1, -7.09426629e-10, -5.77777293e-09, 7.09427017e-10, 1, 6.51632206e-08, 5.77777248e-09, -6.51632206e-08, 1), CFrame.new(-5644.94482, 4323.05957, -3181.84644, 1, 0, 0, 0, 0.845347762, 0.534216344, 0, -0.534216344, 0.845347762), Enum.HumanoidStateType.Running, Enum.MouseBehavior.LockCurrentPosition},{CFrame.new(-5644.94482, 4315.00537, -3192.67993, 1, -1.1004061e-09, -4.96259833e-09, 1.10040665e-09, 1, 1.01076893e-07, 4.96259833e-09, -1.01076893e-07, 1), CFrame.new(-5644.85156, 4323.11328, -3182.06958, 0.999961436, -0.00464629894, 0.00746087218, 0, 0.848853528, 0.52862817, -0.00878935214, -0.528607786, 0.848820686), Enum.HumanoidStateType.Running, Enum.MouseBehavior.LockCurrentPosition},{CFrame.new(-5644.94482, 4315.10205, -3192.94653, 1, -1.09475651e-09, -4.26243529e-09, 1.09475695e-09, 1, 1.00558331e-07, 4.26243529e-09, -1.00558331e-07, 1), CFrame.new(-5644.85059, 4323.06934, -3182.25, 0.999961257, -0.00455804728, 0.00753905112, -2.32830644e-10, 0.855754614, 0.517382026, -0.00880982913, -0.517361999, 0.855721354), Enum.HumanoidStateType.Running, Enum.MouseBehavior.LockCurrentPosition},{CFrame.new(-5644.94482, 4315.97461, -3193.21313, 1, -6.92985946e-10, -3.58694163e-09, 6.92986168e-10, 1, 6.36542339e-08, 3.58694141e-09, -6.36542339e-08, 1), CFrame.new(-5644.75635, 4323.94189, -3182.51782, 0.99984479, -0.00911605824, 0.0150780771, -4.65661287e-10, 0.85575515, 0.517381191, -0.0176196173, -0.517300904, 0.855622292), Enum.HumanoidStateType.Jumping, Enum.MouseBehavior.LockCurrentPosition},{CFrame.new(-5644.94678, 4316.7959, -3193.47974, 0.999999642, -2.82231877e-10, 0.000810963626, 2.60512778e-10, 1, 2.67819278e-08, -0.000810963626, -2.67817075e-08, 0.999999642), CFrame.new(-5644.75684, 4324.62158, -3182.7002, 0.999844909, -0.00891525857, 0.0151951127, 0, 0.862505376, 0.506048024, -0.0176174156, -0.505969524, 0.862371445), Enum.HumanoidStateType.Freefall, Enum.MouseBehavior.LockCurrentPosition},{CFrame.new(-5644.95068, 4317.56299, -3193.74634, 0.999996424, 1.63932964e-10, 0.00267941272, -1.36979678e-10, 1, -1.00595878e-08, -0.00267941272, 1.00591846e-08, 0.999996424), CFrame.new(-5644.66357, 4325.24561, -3182.88623, 0.999650717, -0.0130714905, 0.0229688156, 0, 0.869114637, 0.494610786, -0.0264278315, -0.494438022, 0.868811071), Enum.HumanoidStateType.Freefall, Enum.MouseBehavior.LockCurrentPosition},{CFrame.new(-5644.95459, 4318.27686, -3194.01294, 0.999988914, 6.63386512e-10, 0.00470435573, -4.42893777e-10, 1, -4.68709516e-08, -0.00470435573, 4.68683474e-08, 0.999988914), CFrame.new(-5644.56934, 4325.81543, -3183.0752, 0.99938035, -0.0170050785, 0.0308206044, 0, 0.875570536, 0.48309052, -0.0352006033, -0.482791185, 0.875027835), Enum.HumanoidStateType.Freefall, Enum.MouseBehavior.LockCurrentPosition},{CFrame.new(-5644.96143, 4318.93604, -3194.27954, 0.999973178, 1.22307953e-09, 0.00732389605, -6.10434703e-10, 1, -8.36523668e-08, -0.00732389605, 8.36456522e-08, 0.999973178), CFrame.new(-5644.47461, 4326.25684, -3183.22827, 0.999031186, -0.0204930156, 0.0389454067, 0, 0.884961069, 0.465665191, -0.0440080464, -0.465214044, 0.884103656), Enum.HumanoidStateType.Freefall, Enum.MouseBehavior.LockCurrentPosition},{CFrame.new(-5644.9707, 4319.54053, -3194.54614, 0.999942183, 1.86289606e-09, 0.010754046, -5.68100067e-10, 1, -1.20403882e-07, -0.010754046, 1.20390808e-07, 0.999942183), CFrame.new(-5