return {{CFrame.new(-39.5128212, 3.99999976, 1.71058154, 0.434701562, 0, 0.900574565, 0, 1, 0, -0.900574565, 0, 0.434701562), CFrame.new(-28.9077854, 17.045063, 5.486866, 0.335451663, -0.67448765, 0.657676637, 0, 0.698127985, 0.71597296, -0.942057431, -0.240174323, 0.234188199), Enum.HumanoidStateType.Running, Enum.MouseBehavior.Default},{CFrame.new(-39.5128212, 3.99999976, 1.71058154, 0.434701562, 0, 0.900574565, 0, 1, 0, -0.900574565, 0, 0.434701562), CFrame.new(-28.9077854, 17.045063, 5.486866, 0.335451663, -0.67448765, 0.657676637, 0, 0.698127985, 0.71597296, -0.942057431, -0.240174323, 0.234188199), Enum.HumanoidStateType.Running, Enum.MouseBehavior.Default},{CFrame.new(-39.5128212, 3.99999976, 1.71058154, 0.434701562, 0, 0.900574565, 0, 1, 0, -0.900574565, 0, 0.434701562), CFrame.new(-28.9077854, 17.045063, 5.486866, 0.335451663, -0.67448765, 0.657676637, 0, 0.698127985, 0.71597296, -0.942057431, -0.240174323, 0.234188199), Enum.HumanoidStateType.Running, Enum.MouseBehavior.Default},{CFrame.new(-39.5128212, 3.99999976, 1.71058154, 0.434701562, 0, 0.900574565, 0, 1, 0, -0.900574565, 0, 0.434701562), CFrame.new(-28.9077854, 17.045063, 5.486866, 0.335451663, -0.67448765, 0.657676637, 0, 0.698127985, 0.71597296, -0.942057431, -0.240174323, 0.234188199), Enum.HumanoidStateType.Running, Enum.MouseBehavior.Default},{CFrame.new(-39.5128212, 3.99999976, 1.71058154, 0.434701562, 0, 0.900574565, 0, 1, 0, -0.900574565, 0, 0.434701562), CFrame.new(-28.9077854, 17.045063, 5.486866, 0.335451663, -0.67448765, 0.657676637, 0, 0.698127985, 0.71597296, -0.942057431, -0.240174323, 0.234188199), Enum.HumanoidStateType.Running, Enum.MouseBehavior.Default},{CFrame.new(-39.5128212, 3.99999976, 1.71058154, 0.434701562, 0, 0.900574565, 0, 1, 0, -0.900574565, 0, 0.434701562), CFrame.new(-28.9077854, 17.045063, 5.486866, 0.335451663, -0.67448765, 0.657676637, 0, 0.698127985, 0.71597296, -0.942057431, -0.240174323, 0.234188199), Enum.HumanoidStateType.Running, Enum.MouseBehavior.Default},{CFrame.new(-39.5128212, 3.99999976, 1.71058154, 0.434701562, 0, 0.900574565, 0, 1, 0, -0.900574565, 0, 0.434701562), CFrame.new(-28.9077854, 17.045063, 5.486866, 0.335451663, -0.67448765, 0.657676637, 0, 0.698127985, 0.71597296, -0.942057431, -0.240174323, 0.234188199), Enum.HumanoidStateType.Running, Enum.MouseBehavior.Default},{CFrame.new(-39.5128212, 3.99999976, 1.71058154, 0.434701562, 0, 0.900574565, 0, 1, 0, -0.900574565, 0, 0.434701562), CFrame.new(-28.9077854, 17.045063, 5.486866, 0.335451663, -0.67448765, 0.657676637, 0, 0.698127985, 0.71597296, -0.942057431, -0.240174323, 0.234188199), Enum.HumanoidStateType.Running, Enum.MouseBehavior.Default},{CFrame.new(-39.5128212, 3.99999976, 1.71058154, 0.434701562, 0, 0.900574565, 0, 1, 0, -0.900574565, 0, 0.434701562), CFrame.new(-28.9077854, 17.045063, 5.486866, 0.335451663, -0.67448765, 0.657676637, 0, 0.698127985, 0.71597296, -0.942057431, -0.240174323, 0.234188199), Enum.HumanoidStateType.Running, Enum.MouseBehavior.Default},{CFrame.new(-39.5128212, 3.99999976, 1.71058154, 0.434701562, 0, 0.900574565, 0, 1, 0, -0.900574565, 0, 0.434701562), CFrame.new(-28.9077854, 17.045063, 5.486866, 0.335451663, -0.67448765, 0.657676637, 0, 0.698127985, 0.71597296, -0.942057431, -0.240174323, 0.234188199), Enum.HumanoidStateType.Running, Enum.MouseBehavior.Default},{CFrame.new(-39.5128212, 3.99999976, 1.71058154, 0.434701562, 0, 0.900574565, 0, 1, 0, -0.900574565, 0, 0.434701562), CFrame.new(-28.9077854, 17.045063, 5.486866, 0.335451663, -0.67448765, 0.657676637, 0, 0.698127985, 0.71597296, -0.942057431, -0.240174323, 0.234188199), Enum.HumanoidStateType.Running, Enum.MouseBehavior.Default},{CFrame.new(-39.5128212, 3.99999976, 1.71058154, 0.434701562, 0, 0.900574565, 0, 1, 0, -0.900574565, 0, 0.434701562), CFrame.new(-28.9077854, 17.045063, 5.486866, 0.335451663, -0.67448765, 0.657676637, 0, 0.698127985, 0.71597296, -0.942057431, -0.240174323, 0.234188199), Enum.HumanoidStateType.Running, Enum.MouseBehavior.Default},{CFrame.new(-39.5128212, 3.99999976, 1.71058154, 0.434701562, 0, 0.900574565, 0, 1, 0, -0.900574565, 0, 0.434701562), CFrame.new(-28.9077854, 17.045063, 5.486866, 0.335451663, -0.67448765, 0.657676637, 0, 0.698127985, 0.71597296, -0.942057431, -0.240174323, 0.234188199), Enum.HumanoidStateType.Running, Enum.MouseBehavior.Default},{CFrame.new(-39.5128212, 3.99999976, 1.71058154, 0.434701562, 0, 0.900574565, 0, 1, 0, -0.900574565, 0, 0.434701562), CFrame.new(-28.9077854, 17.045063, 5.486866, 0.335451663, -0.67448765, 0.657676637, 0, 0.698127985, 0.71597296, -0.942057431, -0.240174323, 0.234188199), Enum.HumanoidStateType.Running, Enum.MouseBehavior.Default},{CFrame.new(-39.5128212, 3.99999976, 1.71058154, 0.434701562, 0, 0.900574565, 0, 1, 0, -0.900574565, 0, 0.434701562), CFrame.new(-28.9077854, 17.045063, 5.486866, 0.335451663, -0.67448765, 0.657676637, 0, 0.698127985, 0.71597296, -0.942057431, -0.240174323, 0.234188199), Enum.HumanoidStateType.Running, Enum.MouseBehavior.Default},{CFrame.new(-39.5128212, 3.99999976, 1.71058154, 0.434701562, 0, 0.900574565, 0, 1, 0, -0.900574565, 0, 0.434701562), CFrame.new(-28.9077854, 17.045063, 5.486866, 0.335451663, -0.67448765, 0.657676637, 0, 0.698127985, 0.71597296, -0.942057431, -0.240174323, 0.234188199), Enum.HumanoidStateType.Running, Enum.MouseBehavior.Default},{CFrame.new(-39.5128212, 3.99999976, 1.71058154, 0.434701562, 0, 0.900574565, 0, 1, 0, -0.900574565, 0, 0.434701562), CFrame.new(-28.9077854, 17.045063, 5.486866, 0.335451663, -0.67448765, 0.657676637, 0, 0.698127985, 0.71597296, -0.942057431, -0.240174323, 0.234188199), Enum.HumanoidStateType.Running, Enum.MouseBehavior.Default},{CFrame.new(-39.5128212, 3.99999976, 1.71058154, 0.434701562, 0, 0.900574565, 0, 1, 0, -0.900574565, 0, 0.434701562), CFrame.new(-28.9077854, 17.045063, 5.486866, 0.335451663, -0.67448765, 0.657676637, 0, 0.698127985, 0.71597296, -0.942057431, -0.240174323, 0.234188199), Enum.HumanoidStateType.Running, Enum.MouseBehavior.Default},{CFrame.new(-39.5128212, 3.99999976, 1.71058154, 0.434701562, 0, 0.900574565, 0, 1, 0, -0.900574565, 0, 0.434701562), CFrame.new(-28.9077854, 17.045063, 5.486866, 0.335451663, -0.67448765, 0.657676637, 0, 0.698127985, 0.71597296, -0.942057431, -0.240174323, 0.234188199), Enum.HumanoidStateType.Running, Enum.MouseBehavior.Default},{CFrame.new(-39.5128212, 3.99999976, 1.71058154, 0.434701562, 0, 0.900574565, 0, 1, 0, -0.900574565, 0, 0.434701562), CFrame.new(-28.9077854, 17.045063, 5.486866, 0.335451663, -0.67448765, 0.657676637, 0, 0.698127985, 0.71597296, -0.942057431, -0.240174323, 0.234188199), Enum.HumanoidStateType.Running, Enum.MouseBehavior.Default},{CFrame.new(-39.5128212, 3.99999976, 1.71058154, 0.434701562, 0, 0.900574565, 0, 1, 0, -0.900574565, 0, 0.434701562), CFrame.new(-28.9077854, 17.045063, 5.486866, 0.335451663, -0.67448765, 0.657676637, 0, 0.698127985, 0.71597296, -0.942057431, -0.240174323, 0.234188199), Enum.HumanoidStateType.Running, Enum.MouseBehavior.Default},{CFrame.new(-39.5128212, 3.99999976, 1.71058154, 0.434701562, 0, 0.900574565, 0, 1, 0, -0.900574565, 0, 0.434701562), CFrame.new(-28.9077854, 17.045063, 5.486866, 0.335451663, -0.67448765, 0.657676637, 0, 0.698127985, 0.71597296, -0.942057431, -0.240174323, 0.234188199), Enum.HumanoidStateType.Running, Enum.MouseBehavior.Default},{CFrame.new(-39.5128212, 3.99999976, 1.71058154, 0.434701562, 0, 0.900574565, 0, 1, 0, -0.900574565, 0, 0.434701562), CFrame.new(-28.9077854, 17.045063, 5.486866, 0.335451663, -0.67448765, 0.657676637, 0, 0.698127985, 0.71597296, -0.942057431, -0.240174323, 0.234188199), Enum.HumanoidStateType.Running, Enum.MouseBehavior.Default},{CFrame.new(-39.5128212, 3.99999976, 1.71058154, 0.434701562, 0, 0.900574565, 0, 1, 0, -0.900574565, 0, 0.434701562), CFrame.new(-28.9077854, 17.045063, 5.486866, 0.335451663, -0.67448765, 0.657676637, 0, 0.698127985, 0.71597296, -0.942057431, -0.240174323, 0.234188199), Enum.HumanoidStateType.Running, Enum.MouseBehavior.Default},{CFrame.new(-39.5128212, 3.99999976, 1.71058154, 0.434701562, 0, 0.900574565, 0, 1, 0, -0.900574565, 0, 0.434701562), CFrame.new(-28.9077854, 17.045063, 5.486866, 0.335451663, -0.67448765, 0.657676637, 0, 0.698127985, 0.71597296, -0.942057431, -0.240174323, 0.234188199), Enum.HumanoidStateType.Running, Enum.MouseBehavior.Default},{CFrame.new(-39.5128212, 3.99999976, 1.71058154, 0.434701562, 0, 0.900574565, 0, 1, 0, -0.900574565, 0, 0.434701562), CFrame.new(-28.9077854, 17.045063, 5.486866, 0.335451663, -0.67448765, 0.657676637, 0, 0.698127985, 0.71597296, -0.942057431, -0.240174323, 0.234188199), Enum.HumanoidStateType.Running, Enum.MouseBehavior.Default},{CFrame.new(-39.5128212, 3.99999976, 1.71058154, 0.434701562, 0, 0.900574565, 0, 1, 0, -0.900574565, 0, 0.434701562), CFrame.new(-28.9077854, 17.045063, 5.486866, 0.335451663, -0.67448765, 0.657676637, 0, 0.698127985, 0.71597296, -0.942057431, -0.240174323, 0.234188199), Enum.HumanoidStateType.Running, Enum.MouseBehavior.Default},{CFrame.new(-39.5128212, 3.99999976, 1.71058154, 0.434701562, 0, 0.900574565, 0, 1, 0, -0.900574565, 0, 0.434701562), CFrame.new(-28.9077854, 17.045063, 5.486866, 0.335451663, -0.67448765, 0.657676637, 0, 0.698127985, 0.71597296, -0.942057431, -0.240174323, 0.234188199), Enum.HumanoidStateType.Running, Enum.MouseBehavior.Default},{CFrame.new(-39.5128212, 3.99999976, 1.71058154, 0.434701562, 0, 0.900574565, 0, 1, 0, -0.900574565, 0, 0.434701562), CFrame.new(-28.9077854, 17.045063, 5.486866, 0.335451663, -0.67448765, 0.657676637, 0, 0.698127985, 0.71597296, -0.942057431, -0.240174323, 0.234188199), Enum.HumanoidStateType.Running, Enum.MouseBehavior.Default},{CFrame.new(-39.5128212, 3.99999976, 1.71058154, 0.434701562, 0, 0.900574565, 0, 1, 0, -0.900574565, 0, 0.434701562), CFrame.new(-28.9077854, 17.045063, 5.486866, 0.335451663, -0.67448765, 0.657676637, 0, 0.698127985, 0.71597296, -0.942057431, -0.240174323, 0.234188199), Enum.HumanoidStateType.Running, Enum.MouseBehavior.Default},{CFrame.new(-39.5128212, 3.99999976, 1.71058154, 0.434701562, 0, 0.900574565, 0, 1, 0, -0.900574565, 0, 0.434701562), CFrame.new(-28.9077854, 17.045063, 5.486866, 0.335451663, -0.67448765, 0.657676637, 0, 0.698127985, 0.71597296, -0.942057431, -0.240174323, 0.234188199), Enum.HumanoidStateType.Running, Enum.MouseBehavior.Default},{CFrame.new(-39.5128212, 3.99999976, 1.71058154, 0.434701562, 0, 0.900574565, 0, 1, 0, -0.900574565, 0, 0.434701562), CFrame.new(-28.9077854, 17.045063, 5.486866, 0.335451663, -0.67448765, 0.657676637, 0, 0.698127985, 0.71597296, -0.942057431, -0.240174323, 0.234188199), Enum.HumanoidStateType.Running, Enum.MouseBehavior.Default},{CFrame.new(-39.5128212, 3.99999976, 1.71058154, 0.434701562, 0, 0.900574565, 0, 1, 0, -0.900574565, 0, 0.434701562), CFrame.new(-28.9077854, 17.045063, 5.486866, 0.335451663, -0.67448765, 0.657676637, 0, 0.698127985, 0.71597296, -0.942057431, -0.240174323, 0.234188199), Enum.HumanoidStateType.Running, Enum.MouseBehavior.Default},{CFrame.new(-39.5128212, 3.99999976, 1.71058154, 0.434701562, 0, 0.900574565, 0, 1, 0, -0.900574565, 0, 0.434701562), CFrame.new(-28.9077854, 17.045063, 5.486866, 0.335451663, -0.67448765, 0.657676637, 0, 0.698127985, 0.71597296, -0.942057431, -0.240174323, 0.234188199), Enum.HumanoidStateType.Running, Enum.MouseBehavior.Default},{CFrame.new(-39.5128212, 3.99999976, 1.71058154, 0.434701562, 0, 0.900574565, 0, 1, 0, -0.900574565, 0, 0.434701562), CFrame.new(-28.9077854, 17.045063, 5.486866, 0.335451663, -0.67448765, 0.657676637, 0, 0.698127985, 0.71597296, -0.942057431, -0.240174323, 0.234188199), Enum.HumanoidStateType.Running, Enum.MouseBehavior.Default},{CFrame.new(-39.5613403, 3.99999976, 1.6933049, 0.429309338, 0, 0.903157532, 0, 1, 0, -0.903157532, 0, 0.429309338), CFrame.new(-28.9563046, 17.045063, 5.46958971, 0.335451663, -0.67448765, 0.657676637, 0, 0.698127985, 0.71597296, -0.942057431, -0.240174323, 0.234188199), Enum.HumanoidStateType.Running, Enum.MouseBehavior.Default},{CFrame.new(-39.6583786, 3.99999976, 1.65875173, 0.423302323, 0, 0.905988514, 0, 1, 0, -0.905988514, 0, 0.423302323), CFrame.new(-29.0533428, 17.045063, 5.43503666, 0.335451663, -0.67448765, 0.657676637, 0, 0.698127985, 0.71597296, -0.942057431, -0.240174323, 0.234188199), Enum.HumanoidStateType.Running, Enum.MouseBehavior.Default},{CFrame.new(-39.7799683, 3.99999976, 1.61545551, 0.41751188, 0, 0.908671439, 0, 1, 0, -0.908671439, 0, 0.41751188), CFrame.new(-29.1749325, 17.045063, 5.39174032, 0.335451663, -0.67448765, 0.657676637, 0, 0.698127985, 0.71597296, -0.942057431, -0.240174323, 0.234188199), Enum.HumanoidStateType.Running, Enum.MouseBehavior.Default},{CFrame.new(-39.9050102, 3.99999976, 1.57092977, 0.412066758, 0, 0.911153674, 0, 1, 0, -0.911153674, 0, 0.412066758), CFrame.new(-29.2999744, 17.045063, 5.3472147, 0.335451663, -0.67448765, 0.657676637, 0, 0.698127985, 0.71597296, -0.942057431, -0.240174323, 0.234188199), Enum.HumanoidStateType.Running, Enum.MouseBehavior.Default},{CFrame.new(-40.0305367, 3.99999976, 1.52623117, 0.406970918, 0, 0.913441122, 0, 1, 0, -0.913441122, 0, 0.406970918), CFrame.new(-29.4255009, 17.045063, 5.30251598, 0.335451663, -0.67448765, 0.657676637, 0, 0.698127985, 0.71597296, -0.942057431, -0.240174323, 0.234188199), Enum.HumanoidStateType.Running, Enum.MouseBehavior.Default},{CFrame.new(-40.1561317, 3.99999976, 1.48150826, 0.402207196, 0, 0.915548682, 0, 1, 0, -0.915548682, 0, 0.402207196), CFrame.new(-29.551096, 17.045063, 5.25779295, 0.335451663, -0.67448765, 0.657676637, 0, 0.698127985, 0.71597296, -0.942057431, -0.240174323, 0.234188199), Enum.HumanoidStateType.Running, Enum.MouseBehavior.Default},{CFrame.new(-40.2817383, 3.99999976, 1.43678188, 0.397755533, 0, 0.917491436, 0, 1, 0, -0.917491436, 0, 0.397755533), CFrame.new(-29.6767025, 17.045063, 5.21306658, 0.335451663, -0.67448765, 0.657676637, 0, 0.698127985, 0.71597296, -0.942057431, -0.240174323, 0.234188199), Enum.HumanoidStateType.Running, Enum.MouseBehavior.Default},{CFrame.new(-40.4073448, 3.99999976, 1.39205503, 0.393596351, 0, 0.91928339, 0, 1, 0, -0.91928339, 0, 0.393596351), CFrame.new(-29.802309, 17.045063, 5.16833973, 0.335451663, -0.67448765, 0.657676637, 0, 0.698127985, 0.71597296, -0.942057431, -0.240174323, 0.234188199), Enum.HumanoidStateType.Running, Enum.MouseBehavior.Default},{CFrame.new(-40.5329514, 3.99999976, 1.34732819, 0.389711052, 0, 0.920937181, 0, 1, 0, -0.920937181, 0, 0.389711052), CFrame.new(-29.9279156, 17.045063, 5.12361288, 0.335451663, -0.67448765, 0.657676637, 0, 0.698127985, 0.71597296, -0.942057431, -0.240174323, 0.234188199), Enum.HumanoidStateType.Running, Enum.MouseBehavior.Default},{CFrame.new(-40.6585579, 3.99999976, 1.30260134, 0.386082202, 0, 0.922464371, 0, 1, 0, -0.922464371, 0, 0.386082202), CFrame.new(-30.0535221, 17.045063, 5.07888603, 0.335451663, -0.67448765, 0.657676637, 0, 0.698127985, 0.71597296, -0.942057431, -0.240174323, 0.234188199), Enum.HumanoidStateType.Running, Enum.MouseBehavior.Default},{CFrame.new(-40.7841644, 3.99999976, 1.25787449, 0.382693291, 0, 0.923875451, 0, 1, 0, -0.923875451, 0, 0.382693291), CFrame.new(-30.1791286, 17.045063, 5.03415918, 0.335451663, -0.67448765, 0.657676637, 0, 0.698127985, 0.71597296, -0.942057431, -0.240174323, 0.234188199), Enum.HumanoidStateType.Running, Enum.MouseBehavior.Default},{CFrame.new(-40.909771, 3.99999976, 1.21314764, 0.37952885, 0, 0.925179899, 0, 1, 0, -0.925179899, 0, 0.37952885), CFrame.new(-30.3047352, 17.045063, 4.98943233, 0.335451663, -0.67448765, 0.657676637, 0, 0.698127985, 0.71597296, -0.942057431, -0.240174323, 0.234188199), Enum.HumanoidStateType.Running, Enum.MouseBehavior.Default},{CFrame.new(-41.0353775, 3.99999976, 1.16842079, 0.376574367, 0, 0.926386416, 0, 1, 0, -0.926386416, 0, 0.376574367), CFrame.new(-30.4303417, 17.045063, 4.94470549, 0.335451663, -0.67448765, 0.657676637, 0, 0.698127985, 0.71597296, -0.942057431, -0.240174323, 0.234188199), Enum.HumanoidStateType.Running, Enum.MouseBehavior.Default},{CFrame.new(-41.160984, 3.99999976, 1.12369394, 0.373816162, 0, 0.927502811, 0, 1, 0, -0.927502811, 0, 0.373816162), CFrame.new(-30.5559483, 17.045063, 4.89997864, 0.335451663, -0.67448765, 0.657676637, 0, 0.698127985, 0.71597296, -0.942057431, -0.240174323, 0.234188199), Enum.HumanoidStateType.Running, Enum.MouseBehavior.Default},{CFrame.new(-41.2865906, 3.99999976, 1.07896709, 0.37124145, 0, 0.928536355, 0, 1, 0, -0.928536355, 0, 0.37124145), CFrame.new(-30.6815548, 17.045063, 4.85525179, 0.335451663, -0.67448765, 0.657676637, 0, 0.698127985, 0.71597296, -0.942057431, -0.240174323, 0.234188199), Enum.HumanoidStateType.Running, Enum.MouseBehavior.Default},{CFrame.new(-41.4121971, 3.99999976, 1.03424025, 0.368838251, 0, 0.929493606, 0, 1, 0, -0.929493606, 0, 0.368838251), CFrame.new(-30.8071613, 17.045063, 4.81052494, 0.335451663, -0.67448765, 0.657676637, 0, 0.698127985, 0.71597296, -0.942057431, -0.240174323, 0.234188199), Enum.HumanoidStateType.Running, Enum.MouseBehavior.Default},{CFrame.new(-41.5378036, 3.99999976, 0.989513338, 0.366595298, 0, 0.930380523, 0, 1, 0, -0.930380523, 0, 0.366595298), CFrame.new(-30.9327679, 17.045063, 4.76579809, 0.335451663, -0.67448765, 0.657676637, 0, 0.698127985, 0.71597296, -0.942057431, -0.240174323, 0.234188199), Enum.HumanoidStateType.Running, Enum.MouseBehavior.Default},{CFrame.new(-41.6634102, 3.99999976, 0.944786429, 0.364502072, 0, 0.93120259, 0, 1, 0, -0.93120259, 0, 0.364502072), CFrame.new(-31.0583744, 17.045063, 4.72107124, 0.335451663, -0.67448765, 0.657676637, 0, 0.698127985, 0.71597296, -0.942057431, -0.240174323, 0.234188199), Enum.HumanoidStateType.Running, Enum.MouseBehavior.Default},{CFrame.new(-41.7890167, 3.99999976, 0.900059521, 0.362548709, 0, 0.931964815, 0, 1, 0, -0.931964815, 0, 0.362548709), CFrame.new(-31.1839809, 17.045063, 4.67634439, 0.335451663, -0.67448765, 0.657676637, 0, 0.698127985, 0.71597296, -0.942057431, -0.240174323, 0.234188199), Enum.HumanoidStateType.Running, Enum.MouseBehavior.Default},{CFrame.new(-41.9146233, 3.99999976, 0.855332613, 0.360725999, 0, 0.932671845, 0, 1, 0, -0.932671845, 0, 0.360725999), CFrame.new(-31.3095875, 17.045063, 4.63161755, 0.335451663, -0.67448765, 0.657676637, 0, 0.698127985, 0.71597296, -0.942057431, -0.240174323, 0.234188199), Enum.HumanoidStateType.Running, Enum.MouseBehavior.Default},{CFrame.new(-42.0402298, 3.99999976, 0.810605705, 0.35902527, 0, 0.933327854, 0, 1, 0, -0.933327854, 0, 0.35902527), CFrame.new(-31.435194, 17.045063, 4.58689022, 0.335451663, -0.67448765, 0.657676637, 0, 0.698127985, 0.71597296, -0.942057431, -0.240174323, 0.234188199), Enum.HumanoidStateType.Running, Enum.MouseBehavior.Default},{CFrame.new(-42.1658363, 3.99999976, 0.765878797, 0.357438445, 0, 0.933936715, 0, 1, 0, -0.933936715, 0, 0.357438445), CFrame.new(-31.5608006, 17.045063, 4.54216337, 0.335451663, -0.67448765, 0.657676637, 0, 0.698127985, 0.71597296, -0.942057431, -0.240174323, 0.234188199), Enum.HumanoidStateType.Running, Enum.MouseBehavior.Default},{CFrame.new(-42.2914429, 3.99999976, 0.721151888, 0.355957955, 0, 0.934501946, 0, 1, 0, -0.934501946, 0, 0.355957955), CFrame.new(-31.6864071, 17.045063, 4.49743652, 0.335451663, -0.67448765, 0.657676637, 0, 0.698127985, 0.71597296, -0.942057431, -0.240174323, 0.234188199), Enum.HumanoidStateType.Running, Enum.MouseBehavior.LockCurrentPosition},{CFrame.new(-42.4170494, 3.99999976, 0.67642498, 0.354576766, 0, 0.935026884, 0, 1, 0, -0.935026884, 0, 0.354576766), CFrame.new(-31.8120136, 17.045063, 4.45270967, 0.335451663, -0.67448765, 0.657676637, 0, 0.698127985, 0.71597296, -0.942057431, -0.240174323, 0.234188199), Enum.HumanoidStateType.Running, Enum.MouseBehavior.LockCurrentPosition},{CFrame.new(-42.5426559, 3.99999976, 0.631698072, 0.353288263, 0, 0.93551451, 0, 1, 0, -0.93551451, 0, 0.353288263), CFrame.new(-31.9376202, 17.045063, 4.40798283, 0.335451663, -0.67448765, 0.657676637, 0, 0.698127985, 0.71597296, -0.942057431, -0.240174323, 0.234188199), Enum.HumanoidStateType.Running, Enum.MouseBehavior.LockCurrentPosition},{CFrame.new(-42.6682625, 3.99999976, 0.586971164, 0.352086276, 0, 0.935967565, 0, 1, 0, -0.935967565, 0, 0.352086276), CFrame.new(-32.0632248, 17.045063, 4.36325598, 0.335451663, -0.67448765, 0.657676637, 0, 0.698127985, 0.71597296, -0.942057431, -0.240174323, 0.234188199), Enum.HumanoidStateType.Running, Enum.MouseBehavior.LockCurrentPosition},{CFrame.new(-42.793869, 3.99999976, 0.542244256, 0.350965023, 0, 0.936388552, 0, 1, 0, -0.936388552, 0, 0.350965023), CFrame.new(-32.1434898, 17.045063, 4.18868542, 0.323917508, -0.677371562, 0.660488665, 0, 0.698128104, 0.71597296, -0.946085393, -0.231916174, 0.22613588), Enum.HumanoidStateType.Running, Enum.MouseBehavior.LockCurrentPosition},{CFrame.new(-42.9194756, 3.99999976, 0.497517377, 0.34991914, 0, 0.936779916, 0, 1, 0, -0.936779916, 0, 0.34991914), CFrame.new(-32.2253418, 17.0450649, 4.01357126, 0.312335044, -0.680154324, 0.663202107, 0, 0.698128104, 0.71597302, -0.949972034, -0.223623469, 0.218049854), Enum.HumanoidStateType.Running, Enum.MouseBehavior.LockCurrentPosition},{CFrame.new(-43.0455437, 3.99999976, 0.454112113, 0.348307401, 0, 0.937380373, 0, 1, 0, -0.937380373, 0, 0.348307401), CFrame.new(-32.2297516, 17.0450649, 3.57593179, 0.277314782, -0.68789196, 0.670746863, 0, 0.698128045, 0.71597302, -0.96077913, -0.198549896, 0.193601221), Enum.HumanoidStateType.Running, Enum.MouseBehavior.LockCurrentPosition},{CFrame.new(-43.172123, 3.99999976, 0.412219852, 0.346053481, 0, 0.938214779, 0, 1, 0, -0.938214779, 0, 0.346053481), CFrame.new(-32.2491989, 17.0450649, 3.13561201, 0.241922021, -0.694705546, 0.677390635, 0, 0.698128045, 0.71597302, -0.970295727, -0.173209637, 0.168892547), Enum.HumanoidStateType.Running, Enum.MouseBehavior.LockCurrentPosition},{CFrame.new(-43.3000107, 3.99999976, 0.374553084, 0.341903508, 0, 0.939735055, 0, 1, 0, -0.939735055, 0, 0.341903508), CFrame.new(-32.3641167, 17.1504536, 2.53991985, 0.194234461, -0.708748639, 0.67819494, 0, 0.691361845, 0.722508729, -0.980955124, -0.140336096, 0.134286299), Enum.HumanoidStateType.Running, Enum.MouseBehavior.LockCurrentPosition},{CFrame.new(-43.4291763, 3.99999976, 0.341535956, 0.335745186, 0, 0.941952825, 0, 1, 0, -0.941952825, 0, 0.335745186), CFrame.new(-32.3814888, 17.1504536, 1.83524323, 0.133986294, -0.715994, 0.685127914, 0, 0.691361785, 0.722508729, -0.990983188, -0.0968062654, 0.092633009), Enum.HumanoidStateType.Running, Enum.MouseBehavior.LockCurrentPosition},{CFrame.new(-43.559742, 3.99999976, 0.314636886, 0.327017844, 0, 0.945018172, 0, 1, 0, -0.945018172, 0, 0.327017844), CFrame.new(-32.5422134, 17.2548103, 0.988499165, 0.0610486567, -0.72762084, 0.683257639, 0, 0.684534431, 0.728980541, -0.998134792, -0.0445032828, 0.041789908), Enum.HumanoidStateType.Running, Enum.MouseBehavior.LockCurrentPosition},{CFrame.new(-43.6916542, 3.99999976, 0.29550162, 0.315104187, 0, 0.949057102, 0, 1, 0, -0.949057102, 0, 0.315104187), CFrame.new(-32.765419, 17.3581295, 0.162007168, -0.0122168791, -0.735332966, 0.677595913, 0, 0.677646458, 0.735387862, -0.999925315, 0.00898414478, -0.00827872567), Enum.HumanoidStateType.Running, Enum.MouseBehavior.LockCurrentPosition},{CFrame.new(-43.8245735, 3.99999976, 0.285815567, 0.299396068, 0, 0.954128921, 0, 1, 0, -0.954128921, 0, 0.299396068), CFrame.new(-33.0490837, 17.4603977, -0.637968302, -0.0854167938, -0.739019334, 0.668247402, 0, 0.670698583, 0.741730094, -0.996345341, 0.0633562058, -0.0572889224), Enum.HumanoidStateType.Running, Enum.MouseBehavior.LockCurrentPosition},{CFrame.new(-43.95784, 3.99999976, 0.285853326, 0.279952496, 0, 0.960013866, 0, 1, 0, -0.960013866, 0, 0.279952496), CFrame.new(-33.3905182, 17.5616074, -1.40675616, -0.158157915, -0.738592148, 0.65533793, 0, 0.663691282, 0.748006642, -0.987413883, 0.118303172, -0.104968026), Enum.HumanoidStateType.Running, Enum.MouseBehavior.LockCurrentPosition},{CFrame.new(-44.090744, 3.99999976, 0.295645982, 0.256938219, 0, 0.966427863, 0, 1, 0, -0.966427863, 0, 0.256938219), CFrame.new(-33.817173, 17.6617508, -2.26584148, -0.241921753, -0.73181355, 0.637120724, 0, 0.656625271, 0.754217029, -0.970295727, 0.1824615, -0.158851936), Enum.HumanoidStateType.Running, Enum.MouseBehavior.LockCurrentPosition},{CFrame.new(-44.2225761, 3.99999976, 0.315145344, 0.230528787, 0, 0.973065495, 0, 1, 0, -0.973065495, 0, 0.230528787), CFrame.new(-34.2053452, 17.6617508, -3.11451745, -0.32391727, -0.713553667, 0.621223569, 0, 0.656625211, 0.754217029, -0.946085334, 0.244303927, -0.212692261), Enum.HumanoidStateType.Running, Enum.MouseBehavior.LockCurrentPosition},{CFrame.new(-44.3522949, 3.99999976, 0.345607638, 0.200233206, 0, 0.979748249, 0, 1, 0, -0.979748249, 0, 0.200233206), CFrame.new(-34.8758545, 17.7608147, -4.11366463, -0.425779104, -0.687994957, 0.5876863, 0, 0.649501145, 0.760360658, -0.904827118, 0.323745668, -0.276544034), Enum.HumanoidStateType.Running, Enum.MouseBehavior.LockCurrentPosition},{CFrame.new(-44.4789429, 3.99999976, 0.387006938, 0.166138679, 0, 0.986102402, 0, 1, 0, -0.986102402, 0, 0.166138679), CFrame.new(-35.5823479, 17.8587952, -4.91642618, -0.512042701, -0.658338726, 0.551726878, 0, 0.642319679, 0.766436994, -0.858960032, 0.392448455, -0.328895062), Enum.HumanoidStateType.Running, Enum.MouseBehavior.LockCurrentPosition},{CFrame.new(-44.6004295, 3.99999976, 0.441615909, 0.127094701, 0, 0.991890609, 0, 1, 0, -0.991890609, 0, 0.127094701), CFrame.new(-36.2638168, 17.8587952, -5.70466137, -0.593418717, -0.616900504, 0.516999185, 0, 0.642319679, 0.766436994, -0.80489397, 0.45481807, -0.381164491), Enum.HumanoidStateType.Running, Enum.MouseBehavior.LockCurrentPosition},{CFrame.new(-44.7159348, 3.99999976, 0.507966876, 0.0838343874, 0, 0.99647969, 0, 1, 0, -0.99647969, 0, 0.0838343874), CFrame.new(-37.1899033, 17.9556847, -6.43685055, -0.678159475, -0.56768167, 0.466730595, 0, 0.635081291, 0.7724455, -0.734914839, 0.523841262, -0.430686355), Enum.HumanoidStateType.Running, Enum.MouseBehavior.LockCurrentPosition},{CFrame.new(-44.8244057, 3.99999976, 0.585293353, 0.0367347859, 0, 0.999325037, 0, 1, 0, -0.999325037, 0, 0.0367347859), CFrame.new(-37.9190865, 17.9556808, -6.97699213, -0.738455117, -0.520861924, 0.428236872, 0, 0.635081112, 0.772445381, -0.674302578, 0.570416272, -0.468978941), Enum.HumanoidStateType.Running, Enum.MouseBehavior.LockCurrentPosition},{CFrame.new(-44.9238701, 3.99999976, 0.673873186, -0.0145455943, 0, 0.999894202, 0, 1, 0, -0.999894202, 0, -0.0145455943), CFrame.new(-38.5909424, 17.9556847, -7.37383747, -0.785856724, -0.477686942, 0.392739713, 0, 0.635081232, 0.7724455, -0.61840862, 0.607031465, -0.499082834), Enum.HumanoidStateType.Running, Enum.MouseBehavior.LockCurrentPosition},{CFrame.new(-45.0151215, 3.99999976, 0.770944357, -0.0683651417, 0, 0.997660339, 0, 1, 0, -0.997660339, 0, -0.0683651417), CFrame.new(-39.2886009, 17.9556808, -7.71896458, -0.829037428, -0.431946158, 0.355132997, 0, 0.635081112, 0.772445381, -0.559193134, 0.640386105, -0.526506007), Enum.HumanoidStateType.Running, Enum.MouseBehavior.LockCurrentPosition},{CFrame.new(-45.106369, 4.43826056, 0.868015528, -0.121969193, 0, 0.992533863, 0, 1, 0, -0.992533863, 0, -0.121969193), CFrame.new(-39.9088287, 18.3939438, -7.9556551, -0.861629069, -0.392045915, 0.32232821, 0, 0.635081172, 0.7724455, -0.507538617, 0.665561497, -0.547204375), Enum.HumanoidStateType.Jumping, Enum.MouseBehavior.LockCurrentPosition},{CFrame.new(-45.1918221, 4.86289597, 0.969763398, -0.176872194, 0, 0.984233856, 0, 1, 0, -0.984233856, 0, -0.176872194), CFrame.new(-40.3211021, 18.8185768, -8.03843689, -0.879648447, -0.367393911, 0.302060097, 0, 0.635081112, 0.772445381, -0.475624442, 0.679480374, -0.558648109), Enum.HumanoidStateType.Freefall, Enum.MouseBehavior.LockCurrentPosition},{CFrame.new(-45.2693291, 5.27390623, 1.07746315, -0.232350782, 0, 0.972632051, 0, 1, 0, -0.972632051, 0, -0.232350782), CFrame.new(-40.6802597, 19.1327019, -8.20780754, -0.896486342, -0.339586318, 0.284593463, 0, 0.64231962, 0.766436994, -0.443071425, 0.687100291, -0.575830758), Enum.HumanoidStateType.Freefall, Enum.MouseBehavior.LockCurrentPosition},{CFrame.new(-45.3386497, 5.67129183, 1.19078159, -0.286812842, 0, 0.957986653, 0, 1, 0, -0.957986653, 0, -0.286812842), CFrame.new(-40.7495804, 19.5300884, -8.0944891, -0.896486342, -0.339586318, 0.284593463, 0, 0.64231962, 0.766436994, -0.443071425, 0.687100291, -0.575830758), Enum.HumanoidStateType.Freefall, Enum.MouseBehavior.LockCurrentPosition},{CFrame.new(-45.4004097, 6.05505228, 1.3087281, -0.339453429, 0, 0.940622866, 0, 1, 0, -0.940622866, 0, -0.339453429), CFrame.new(-40.9251213, 19.9138489, -8.03191376, -0.901832402, -0.331166655, 0.277537286, 0, 0.64231956, 0.766436994, -0.432085961, 0.691197693, -0.579264641), Enum.HumanoidStateType.Freefall, Enum.MouseBehavior.LockCurrentPosition},{CFrame.new(-45.4598618, 6.42518759, 1.42803681, -0.388769507, 0, 0.921335042, 0, 1, 0, -0.921335042, 0, -0.388769507), CFrame.new(-40.9845734, 20.2839832, -7.91260529, -0.901832402, -0.331166655, 0.277537286, 0, 0.64231956, 0.766436994, -0.432085961, 0.691197693, -0.579264641), Enum.HumanoidStateType.Freefall, Enum.MouseBehavior.LockCurrentPosition},{CFrame.new(-45.5179024, 6.78169775, 1.54806602, -0.434517413, 0, 0.900663435, 0, 1, 0, -0.900663435, 0, -0.434517413), CFrame.new(-41.042614, 20.6404953, -7.79257584, -0.901832402, -0.331166655, 0.277537286, 0, 0.64231956, 0.766436994, -0.432085961, 0.691197693, -0.579264641), Enum.HumanoidStateType.Freefall, Enum.MouseBehavior.LockCurrentPosition},{CFrame.new(-45.5755768, 7.12458324, 1.66828012, -0.476475745, 0, 0.879187644, 0, 1, 0, -0.879187644, 0, -0.476475745), CFrame.new(-41.1002884, 20.9833794, -7.67236185, -0.901832402, -0.331166655, 0.277537286, 0, 0.64231956, 0.766436994, -0.432085961, 0.691197693, -0.579264641), Enum.HumanoidStateType.Freefall, Enum.MouseBehavior.LockCurrentPosition},{CFrame.new(-45.6331978, 7.45384359, 1.7885201, -0.514685154, 0, 0.857379258, 0, 1, 0, -0.857379258, 0, -0.514685154), CFrame.new(-41.1579094, 21.3126411, -7.55212212, -0.901832402, -0.331166655, 0.277537286, 0, 0.64231956, 0.766436994, -0.432085961, 0.691197693, -0.579264641), Enum.HumanoidStateType.Freefall, Enum.MouseBehavior.LockCurrentPosition},{CFrame.new(-45.6908073, 7.7694788, 1.90876389, -0.549370527, 0, 0.835578859, 0, 1, 0, -0.835578859, 0, -0.549370527), CFrame.new(-41.215519, 21.6282749, -7.43187809, -0.901832402, -0.331166655, 0.277537286, 0, 0.64231956, 0.766436994, -0.432085961, 0.691197693, -0.579264641), Enum.HumanoidStateType.Freefall, Enum.MouseBehavior.LockCurrentPosition},{CFrame.new(-45.7484169, 8.07148933, 2.02900815, -0.580811381, 0, 0.814038157, 0, 1, 0, -0.814038157, 0, -0.580811381), CFrame.new(-41.2731285, 21.9302864, -7.31163406, -0.901832402, -0.331166655, 0.277537286, 0, 0.64231956, 0.766436994, -0.432085961, 0.691197693, -0.579264641), Enum.HumanoidStateType.Freefall, Enum.MouseBehavior.LockCurrentPosition},{CFrame.new(-45.8060265, 8.35987473, 2.14925265, -0.609293401, 0, 0.792944849, 0, 1, 0, -0.792944849, 0, -0.609293401), CFrame.new(-41.3307381, 22.2186699, -7.19138908, -0.901832402, -0.331166655, 0.277537286, 0, 0.64231956, 0.766436994, -0.432085961, 0.691197693, -0.579264641), Enum.HumanoidStateType.Freefall, Enum.MouseBehavior.LockCurrentPosition},{CFrame.new(-45.863636, 8.63463497, 2.26949716, -0.635089934, 0, 0.772438169, 0, 1, 0, -0.772438169, 0, -0.635089934), CFrame.new(-41.3883476, 22.4934311, -7.07114506, -0.901832402, -0.331166655, 0.277537286, 0, 0.64231956, 0.766436994, -0.432085961, 0.691197693, -0.579264641), Enum.HumanoidStateType.Freefall, Enum.MouseBehavior.LockCurrentPosition},{CFrame.new(-45.9212456, 8.89577007, 2.38974166, -0.658455908, 0, 0.752619326, 0, 1, 0, -0.752619326, 0, -0.658455908), CFrame.new(-41.4459572, 22.7545662, -6.95090008, -0.901832402, -0.331166655, 0.277537286, 0, 0.64231956, 0.766436994, -0.432085961, 0.691197693, -0.579264641), Enum.HumanoidStateType.Freefall, Enum.MouseBehavior.LockCurrentPosition},{CFrame.new(-45.9788551, 9.14328003, 2.50998616, -0.679625571, 0, 0.733559191, 0, 1, 0, -0.733559191, 0, -0.679625571), CFrame.new(-41.4535294, 22.9040947, -6.93509102, -0.901832402, -0.328541189, 0.280640364, 0, 0.649501204, 0.760360658, -0.432085991, 0.685717881, -0.585741222), Enum.HumanoidStateType.Freefall, Enum.MouseBehavior.LockCurrentPosition},{CFrame.new(-46.0364647, 9.37716484, 2.63023067, -0.698812842, 0, 0.715304554, 0, 1, 0, -0.715304554, 0, -0.698812842), CFrame.new(-41.5111389, 23.1379814, -6.81484604, -0.901832402, -0.328541189, 0.280640364, 0, 0.649501204, 0.760360658, -0.432085991, 0.685717881, -0.585741222), Enum.HumanoidStateType.Freefall, Enum.MouseBehavior.LockCurrentPosition},{CFrame.new(-46.0940742, 9.59742546, 2.75047517, -0.716211915, 0, 0.697882891, 0, 1, 0, -0.697882891, 0, -0.716211915), CFrame.new(-43.0225449, 23.358242, -7.41398668, -0.896486342, -0.336894095, 0.287775427, 0, 0.649501204, 0.760360658, -0.443071425, 0.681652963, -0.582268953), Enum.HumanoidStateType.Freefall, Enum.MouseBehavior.LockCenter},{CFrame.new(-46.1516838, 9.80406094, 2.87071967, -0.901585937, 0, 0.432600081, 0, 1, 0, -0.432600081, 0, -0.901585937), CFrame.new(-43.0801544, 23.5648766, -7.29374218, -0.896486342, -0.336894095, 0.287775427, 0, 0.649501204, 0.760360658, -0.443071425, 0.681652963, -0.582268953), Enum.HumanoidStateType.Freefall, Enum.MouseBehavior.LockCenter},{CFrame.new(-46.2103806, 9.99707127, 2.99043489, -0.898277462, 0, 0.439428657, 0, 1, 0, -0.439428657, 0, -0.898277462), CFrame.new(-43.014904, 23.7578869, -7.13574362, -0.89100641, -0.345196694, 0.294867516, 0, 0.649501204, 0.760360658, -0.453990728, 0.677486241, -0.578709722), Enum.HumanoidStateType.Freefall, Enum.MouseBehavior.LockCenter},{CFrame.new(-46.2694016, 10.1764565, 3.10999227, -0.891830683, 0, 0.452369362, 0, 1, 0, -0.452369362, 0, -0.891830683), CFrame.new(-43.073925, 23.9372711, -7.01618624, -0.89100641, -0.345196694, 0.294867516, 0, 0.649501204, 0.760360658, -0.453990728, 0.677486241, -0.578709722), Enum.HumanoidStateType.Freefall, Enum.MouseBehavior.LockCenter},{CFrame.new(-46.3295517, 10.3422165, 3.22898507, -0.891331911, 0, 0.453351319, 0, 1, 0, -0.453351319, 0, -0.891331911), CFrame.new(-43.1340752, 24.1030312, -6.89719343, -0.89100641, -0.345196694, 0.294867516, 0, 0.649501204, 0.760360658, -0.453990728, 0.677486241, -0.578709722), Enum.HumanoidStateType.Freefall, Enum.MouseBehavior.LockCenter},{CFrame.new(-46.3900299, 10.4943523, 3.34781289, -0.891117156, 0, 0.45377332, 0, 1, 0, -0.45377332, 0, -0.891117156), CFrame.new(-43.1945534, 24.2551689, -6.77836561, -0.89100641, -0.345196694, 0.294867516, 0, 0.649501204, 0.760360658, -0.453990728, 0.677486241, -0.578709722), Enum.HumanoidStateType.Freefall, Enum.MouseBehavior.LockCenter},{CFrame.new(-46.4505577, 10.6328621, 3.46661758, -0.89104408, 0, 0.453916758, 0, 1, 0, -0.453916758, 0, -0.89104408), CFrame.new(-43.2550812, 24.3936768, -6.65956116, -0.89100641, -0.345196694, 0.294867516, 0, 0.649501204, 0.760360658, -0.453990728, 0.677486241, -0.578709722), Enum.HumanoidStateType.Freefall, Enum.MouseBehavior.LockCenter},{CFrame.new(-46.5110893, 10.7577477, 3.58541894, -0.891019225, 0, 0.453965575, 0, 1, 0, -0.453965575, 0, -0.891019225), CFrame.new(-43.3156128, 24.5185623, -6.54075956, -0.89100641, -0.345196694, 0.294867516, 0, 0.649501204, 0.760360658, -0.453990728, 0.677486241, -0.578709722), Enum.HumanoidStateType.Freefall, Enum.MouseBehavior.LockCenter},{CFrame.new(-46.5716209, 10.8690081, 3.70422006, -0.891010821, 0, 0.453982085, 0, 1, 0, -0.453982085, 0, -0.891010821), CFrame.new(-43.3761444, 24.6298237, -6.42195845, -0.89100641, -0.345196694, 0.294867516, 0, 0.649501204, 0.760360658, -0.453990728, 0.677486241, -0.578709722), Enum.HumanoidStateType.Freefall, Enum.MouseBehavior.LockCenter},{CFrame.new(-46.6321526, 10.9666433, 3.8230207, -0.89100796, 0, 0.453987688, 0, 1, 0, -0.453987688, 0, -0.89100796), CFrame.new(-43.436676, 24.727459, -6.30315781, -0.89100641, -0.345196694, 0.294867516, 0, 0.649501204, 0.760360658, -0.453990728, 0.677486241, -0.578709722), Enum.HumanoidStateType.Freefall, Enum.MouseBehavior.LockCenter},{CFrame.new(-46.6926842, 11.0506535, 3.94182134, -0.891006947, 0, 0.453989685, 0, 1, 0, -0.453989685, 0, -0.891006947), CFrame.new(-43.4972076, 24.81147, -6.18435717, -0.89100641, -0.345196694, 0.294867516, 0, 0.649501204, 0.760360658, -0.453990728, 0.677486241, -0.578709722), Enum.HumanoidStateType.Freefall, Enum.MouseBehavior.LockCenter},{CFrame.new(-46.7532158, 11.1210384, 4.06062222, -0.891006649, 0, 0.453990221, 0, 1, 0, -0.453990221, 0, -0.891006649), CFrame.new(-43.5577393, 24.881855, -6.06555653, -0.89100641, -0.345196694, 0.294867516, 0, 0.649501204, 0.760360658, -0.453990728, 0.677486241, -0.578709722), Enum.HumanoidStateType.Freefall, Enum.MouseBehavior.LockCenter},{CFrame.new(-46.8137474, 11.1777992, 4.17942333, -0.89100647, 0, 0.453990549, 0, 1, 0, -0.453990549, 0, -0.89100647), CFrame.new(-43.6182709, 24.9386139, -5.94675541, -0.89100641, -0.345196694, 0.294867516, 0, 0.649501204, 0.760360658, -0.453990728, 0.677486241, -0.578709722), Enum.HumanoidStateType.Freefall, Enum.MouseBehavior.LockCenter},{CFrame.new(-46.874279, 11.2209339, 4.29822445, -0.891006529, 0, 0.453990519, 0, 1, 0, -0.453990519, 0, -0.891006529), CFrame.new(-43.6788025, 24.9817505, -5.82795429, -0.89100641, -0.345196694, 0.294867516, 0, 0.649501204, 0.760360658, -0.453990728, 0.677486241, -0.578709722), Enum.HumanoidStateType.Freefall, Enum.MouseBehavior.LockCenter},{CFrame.new(-46.9348106, 11.2504444, 4.41702557, -0.891006529, 0, 0.453990519, 0, 1, 0, -0.453990519, 0, -0.891006529), CFrame.new(-43.7393341, 25.011261, -5.70915318, -0.89100641, -0.345196694, 0.294867516, 0, 0.649501204, 0.760360658, -0.453990728, 0.677486241, -0.578709722), Enum.HumanoidStateType.Freefall, Enum.MouseBehavior.LockCenter},{CFrame.new(-46.9953423, 11.2663298, 4.53582668, -0.891006529, 0, 0.453990519, 0, 1, 0, -0.453990519, 0, -0.891006529), CFrame.new(-43.7998657, 25.0271454, -5.59035206, -0.89100641, -0.345196694, 0.294867516, 0, 0.649501204, 0.760360658, -0.453990728, 0.677486241, -0.578709722), Enum.HumanoidStateType.Freefall, Enum.MouseBehavior.LockCenter},{CFrame.new(-47.0558739, 11.26859, 4.6546278, -0.891006529, 0, 0.453990519, 0, 1, 0, -0.453990519, 0, -0.891006529), CFrame.new(-43.8603973, 25.0294056, -5.47155094, -0.89100641, -0.345196694, 0.294867516, 0, 0.649501204, 0.760360658, -0.453990728, 0.677486241, -0.578709722), Enum.HumanoidStateType.Freefall, Enum.MouseBehavior.LockCenter},{CFrame.new(-47.1164055, 11.257225, 4.77342892, -0.891006529, 0, 0.453990519, 0, 1, 0, -0.453990519, 0, -0.891006529), CFrame.new(-43.920929, 25.0180397, -5.35274982, -0.89100641, -0.345196694, 0.294867516, 0, 0.649501204, 0.760360658, -0.453990728, 0.677486241, -0.578709722), Enum.HumanoidStateType.Freefall, Enum.MouseBehavior.LockCenter},{CFrame.new(-47.1769371, 11.232235, 4.89223003, -0.891006529, 0, 0.453990519, 0, 1, 0, -0.453990519, 0, -0.891006529), CFrame.new(-44.1054077, 24.9930496, -5.27223063, -0.896486342, -0.336894125, 0.287775427, 0, 0.649501145, 0.760360658, -0.443071485, 0.681652963, -0.582268894), Enum.HumanoidStateType.Freefall, Enum.MouseBehavior.LockCenter},{CFrame.new(-47.2677345, 11.1692038, 5.07043171, -0.896147251, 0, 0.443756789, 0, 1, 0, -0.443756789, 0, -0.896147251), CFrame.new(-44.3206139, 24.9300194, -5.13079548, -0.901832402, -0.328541189, 0.280640364, 0, 0.649501204, 0.760360658, -0.432085991, 0.685717881, -0.585741222), Enum.HumanoidStateType.Freefall, Enum.MouseBehavior.LockCenter},{CFrame.new(-47.2975464, 11.1413813, 5.13006067, -0.901676774, 0, 0.432410628, 0, 1, 0, -0.432410628, 0, -0.901676774), CFrame.new(-44.4752731, 24.9021969, -5.10641098, -0.907043934, -0.320139229, 0.273463398, 0, 0.649501204, 0.760360658, -0.421036035, 0.689680517, -0.58912611), Enum.HumanoidStateType.Freefall, Enum.MouseBehavior.LockCenter},{CFrame.new(-47.3556747, 11.0755167, 5.25005054, -0.906719148, 0, 0.421734959, 0, 1, 0, -0.421734959, 0, -0.906719148), CFrame.new(-44.5821609, 24.934